  9.3817761e+000  1.0038178e+000  2.4000000e+000
  9.4595780e+000  1.0037842e+000  2.4000000e+000
  9.5368611e+000  9.0115657e-001  2.4000000e+000
  9.5363423e+000  7.9856258e-001  2.4000000e+000
  9.6135933e+000  6.9593610e-001  2.4000000e+000
  9.6141228e+000  7.9852971e-001  2.4000000e+000
  9.6924435e+000  9.0109008e-001  2.4000000e+000
  9.7702348e+000  9.0105684e-001  2.4000000e+000
  9.7707856e+000  1.0036497e+000  2.4000000e+000
  9.8491490e+000  1.1062085e+000  2.4000000e+000
  9.9275338e+000  1.2087666e+000  2.4000000e+000
  1.0005357e+001  1.2087323e+000  2.4000000e+000
  1.0005940e+001  1.3113240e+000  2.4000000e+000
  1.0084367e+001  1.4138806e+000  2.4000000e+000
  1.0161608e+001  1.3112545e+000  2.4000000e+000
  1.0238827e+001  1.2086291e+000  2.4000000e+000
  1.0317276e+001  1.3111850e+000  2.4000000e+000
  1.0317901e+001  1.4137752e+000  2.4000000e+000
  1.0318527e+001  1.5163654e+000  2.4000000e+000
  1.0397018e+001  1.6189197e+000  2.4000000e+000
  1.0474237e+001  1.5162943e+000  2.4000000e+000
  1.0473590e+001  1.4137049e+000  2.4000000e+000
  1.0474237e+001  1.5162943e+000  2.4000000e+000
  1.0397018e+001  1.6189197e+000  2.4000000e+000
  1.0475531e+001  1.7214732e+000  2.4000000e+000
  1.0553408e+001  1.7214370e+000  2.4000000e+000
  1.0630616e+001  1.6188120e+000  2.4000000e+000
  1.0629948e+001  1.5162233e+000  2.4000000e+000
  1.0629280e+001  1.4136346e+000  2.4000000e+000
  1.0707803e+001  1.5161878e+000  2.4000000e+000
  1.0785658e+001  1.5161523e+000  2.4000000e+000
  1.0707803e+001  1.5161878e+000  2.4000000e+000
  1.0630616e+001  1.6188120e+000  2.4000000e+000
  1.0553408e+001  1.7214370e+000  2.4000000e+000
  1.0631952e+001  1.8239894e+000  2.4000000e+000
  1.0709840e+001  1.8239527e+000  2.4000000e+000
  1.0710519e+001  1.9265410e+000  2.4000000e+000
  1.0711198e+001  2.0291294e+000  2.4000000e+000
  1.0711877e+001  2.1317177e+000  2.4000000e+000
  1.0712555e+001  2.2343060e+000  2.4000000e+000
  1.0713234e+001  2.3368943e+000  2.4000000e+000
  1.0713913e+001  2.4394826e+000  2.4000000e+000
  1.0635962e+001  2.4395215e+000  2.4000000e+000
  1.0558668e+001  2.5421495e+000  2.4000000e+000
  1.0559326e+001  2.6447386e+000  2.4000000e+000
  1.0559983e+001  2.7473277e+000  2.4000000e+000
  1.0560641e+001  2.8499167e+000  2.4000000e+000
  1.0561298e+001  2.9525058e+000  2.4000000e+000
  1.0561956e+001  3.0550949e+000  2.4000000e+000
  1.0562614e+001  3.1576839e+000  2.4000000e+000
  1.0563271e+001  3.2602730e+000  2.4000000e+000
  1.0563929e+001  3.3628621e+000  2.4000000e+000
  1.0642644e+001  3.4654084e+000  2.4000000e+000
  1.0643313e+001  3.5679971e+000  2.4000000e+000
  1.0643981e+001  3.6705858e+000  2.4000000e+000
  1.0644649e+001  3.7731745e+000  2.4000000e+000
  1.0645317e+001  3.8757632e+000  2.4000000e+000
  1.0645986e+001  3.9783519e+000  2.4000000e+000
  1.0646654e+001  4.0809406e+000  2.4000000e+000
  1.0647322e+001  4.1835293e+000  2.4000000e+000
  1.0726134e+001  4.2860722e+000  2.4000000e+000
  1.0804967e+001  4.3886144e+000  2.4000000e+000
  1.0805656e+001  4.4912024e+000  2.4000000e+000
  1.0884522e+001  4.5937434e+000  2.4000000e+000
  1.0963408e+001  4.6962838e+000  2.4000000e+000
  1.0885222e+001  4.6963310e+000  2.4000000e+000
  1.0807725e+001  4.7989662e+000  2.4000000e+000
  1.0886622e+001  4.9015061e+000  2.4000000e+000
  1.0809104e+001  5.0041420e+000  2.4000000e+000
  1.0809794e+001  5.1067300e+000  2.4000000e+000
  1.0888723e+001  5.2092688e+000  2.4000000e+000
  1.0811173e+001  5.3119058e+000  2.4000000e+000
  1.0811863e+001  5.4144938e+000  2.4000000e+000
  1.0812552e+001  5.5170817e+000  2.4000000e+000
  1.0813242e+001  5.6196696e+000  2.4000000e+000
  1.0813932e+001  5.7222576e+000  2.4000000e+000
  1.0892925e+001  5.8247941e+000  2.4000000e+000
  1.0893625e+001  5.9273817e+000  2.4000000e+000
  1.0894325e+001  6.0299692e+000  2.4000000e+000
  1.0895026e+001  6.1325568e+000  2.4000000e+000
  1.0895726e+001  6.2351443e+000  2.4000000e+000
  1.0818069e+001  6.3377852e+000  2.4000000e+000
  1.0739712e+001  6.3378385e+000  2.4000000e+000
  1.0662024e+001  6.4404805e+000  2.4000000e+000
  1.0662692e+001  6.5430692e+000  2.4000000e+000
  1.0663360e+001  6.6456578e+000  2.4000000e+000
  1.0742428e+001  6.7481917e+000  2.4000000e+000
  1.0663360e+001  6.6456578e+000  2.4000000e+000
  1.0585629e+001  6.7483013e+000  2.4000000e+000
  1.0507229e+001  6.7483562e+000  2.4000000e+000
  1.0429466e+001  6.8510008e+000  2.4000000e+000
  1.0430102e+001  6.9535906e+000  2.4000000e+000
  1.0430738e+001  7.0561804e+000  2.4000000e+000
  1.0431374e+001  7.1587703e+000  2.4000000e+000
  1.0432011e+001  7.2613601e+000  2.4000000e+000
  1.0431374e+001  7.1587703e+000  2.4000000e+000
  1.0352306e+001  7.0562364e+000  2.4000000e+000
  1.0274490e+001  7.1588829e+000  2.4000000e+000
  1.0275105e+001  7.2614735e+000  2.4000000e+000
  1.0275719e+001  7.3640641e+000  2.4000000e+000
  1.0197256e+001  7.3641212e+000  2.4000000e+000
  1.0275105e+001  7.2614735e+000  2.4000000e+000
  1.0274490e+001  7.1588829e+000  2.4000000e+000
  1.0352306e+001  7.0562364e+000  2.4000000e+000
  1.0273260e+001  6.9537017e+000  2.4000000e+000
  1.0351055e+001  6.8510560e+000  2.4000000e+000
  1.0272030e+001  6.7485206e+000  2.4000000e+000
  1.0193026e+001  6.6459844e+000  2.4000000e+000
  1.0114637e+001  6.6460389e+000  2.4000000e+000
  1.0036831e+001  6.7486850e+000  2.4000000e+000
  1.0114637e+001  6.6460389e+000  2.4000000e+000
  1.0035666e+001  6.5435016e+000  2.4000000e+000
  1.0113450e+001  6.4408562e+000  2.4000000e+000
  1.0112857e+001  6.3382648e+000  2.4000000e+000
  1.0033917e+001  6.2357264e+000  2.4000000e+000
  1.0033334e+001  6.1331347e+000  2.4000000e+000
  9.9544265e+000  6.0305951e+000  2.4000000e+000
  1.0032169e+001  5.9279513e+000  2.4000000e+000
  1.0031586e+001  5.8253596e+000  2.4000000e+000
  1.0031003e+001  5.7227678e+000  2.4000000e+000
  1.0030420e+001  5.6201761e+000  2.4000000e+000
  9.9515655e+000  5.5176347e+000  2.4000000e+000
  9.9509934e+000  5.4150426e+000  2.4000000e+000
  9.8721710e+000  5.3125000e+000  2.4000000e+000
  9.8716095e+000  5.2099075e+000  2.4000000e+000
  9.8710480e+000  5.1073150e+000  2.4000000e+000
  9.9487046e+000  5.0046742e+000  2.4000000e+000
  9.8699249e+000  4.9021301e+000  2.4000000e+000
  9.7911666e+000  4.7995852e+000  2.4000000e+000
  9.8688019e+000  4.6969451e+000  2.4000000e+000
  9.8682404e+000  4.5943527e+000  2.4000000e+000
  9.7895141e+000  4.4918067e+000  2.4000000e+000
  9.7113493e+000  4.4918532e+000  2.4000000e+000
  9.7889633e+000  4.3892138e+000  2.4000000e+000
  9.7884124e+000  4.2866210e+000  2.4000000e+000
  9.7097288e+000  4.1840735e+000  2.4000000e+000
  9.7091886e+000  4.0814802e+000  2.4000000e+000
  9.7086485e+000  3.9788870e+000  2.4000000e+000
  9.7081083e+000  3.8762938e+000  2.4000000e+000
  9.7075681e+000  3.7737005e+000  2.4000000e+000
  9.7070280e+000  3.6711073e+000  2.4000000e+000
  9.6284191e+000  3.5685572e+000  2.4000000e+000
  9.7059476e+000  3.4659209e+000  2.4000000e+000
  9.7054075e+000  3.3633276e+000  2.4000000e+000
  9.7048673e+000  3.2607344e+000  2.4000000e+000
  9.7043272e+000  3.1581412e+000  2.4000000e+000
  9.7037870e+000  3.0555479e+000  2.4000000e+000
  9.7032468e+000  2.9529547e+000  2.4000000e+000
  9.7027067e+000  2.8503615e+000  2.4000000e+000
  9.7021665e+000  2.7477682e+000  2.4000000e+000
  9.7795990e+000  2.6451353e+000  2.4000000e+000
  9.7010862e+000  2.5425818e+000  2.4000000e+000
  9.6225947e+000  2.4400275e+000  2.4000000e+000
  9.6220652e+000  2.3374339e+000  2.4000000e+000
  9.6215357e+000  2.2348402e+000  2.4000000e+000
  9.5430869e+000  2.1322844e+000  2.4000000e+000
  9.5425681e+000  2.0296904e+000  2.4000000e+000
  9.5420493e+000  1.9270964e+000  2.4000000e+000
  9.5415304e+000  1.8245025e+000  2.4000000e+000
  9.5410116e+000  1.7219085e+000  2.4000000e+000
  9.4626269e+000  1.6193504e+000  2.4000000e+000
  9.5399740e+000  1.5167205e+000  2.4000000e+000
  9.5394552e+000  1.4141265e+000  2.4000000e+000
  9.5389364e+000  1.3115325e+000  2.4000000e+000
  9.4605943e+000  1.2089729e+000  2.4000000e+000
  9.3827710e+000  1.2090073e+000  2.4000000e+000
  9.4600861e+000  1.1063785e+000  2.4000000e+000
  9.3817761e+000  1.0038178e+000  2.4000000e+000
  9.3412454e+000  1.1175478e+000  2.5000000e+000
  9.4194530e+000  1.0159594e+000  2.5000000e+000
  9.4976380e+000  9.1435297e-001  2.5000000e+000
  9.5756258e+000  9.1364773e-001  2.5000000e+000
  9.4976380e+000  9.1435297e-001  2.5000000e+000
  9.4194530e+000  1.0159594e+000  2.5000000e+000
  9.4972663e+000  1.1161734e+000  2.5000000e+000
  9.5752768e+000  1.1154862e+000  2.5000000e+000
  9.6532873e+000  1.1147990e+000  2.5000000e+000
  9.5752768e+000  1.1154862e+000  2.5000000e+000
  9.4970805e+000  1.2170836e+000  2.5000000e+000
  9.5749278e+000  1.3173247e+000  2.5000000e+000
  9.6529610e+000  1.3166555e+000  2.5000000e+000
  9.7309941e+000  1.3159864e+000  2.5000000e+000
  9.8091678e+000  1.2143709e+000  2.5000000e+000
  9.8090272e+000  1.3153172e+000  2.5000000e+000
  9.8869312e+000  1.4156034e+000  2.5000000e+000
  9.9648578e+000  1.5159075e+000  2.5000000e+000
  1.0042807e+001  1.6162298e+000  2.5000000e+000
  1.0042701e+001  1.7172031e+000  2.5000000e+000
  9.9645042e+000  1.8188005e+000  2.5000000e+000
  1.0042487e+001  1.9191498e+000  2.5000000e+000
  1.0120589e+001  1.9185348e+000  2.5000000e+000
  1.0198774e+001  1.8169283e+000  2.5000000e+000
  1.0198857e+001  1.7159370e+000  2.5000000e+000
  1.0276936e+001  1.7153039e+000  2.5000000e+000
  1.0355014e+001  1.7146708e+000  2.5000000e+000
  1.0433093e+001  1.7140377e+000  2.5000000e+000
  1.0511210e+001  1.6123772e+000  2.5000000e+000
  1.0589250e+001  1.7127715e+000  2.5000000e+000
  1.0667328e+001  1.7121385e+000  2.5000000e+000
  1.0667312e+001  1.8131840e+000  2.5000000e+000
  1.0667296e+001  1.9142295e+000  2.5000000e+000
  1.0745393e+001  2.0146689e+000  2.5000000e+000
  1.0745388e+001  2.1157234e+000  2.5000000e+000
  1.0745384e+001  2.2167780e+000  2.5000000e+000
  1.0667233e+001  2.3184115e+000  2.5000000e+000
  1.0745375e+001  2.4188870e+000  2.5000000e+000
  1.0745370e+001  2.5199415e+000  2.5000000e+000
  1.0667201e+001  2.5205025e+000  2.5000000e+000
  1.0589005e+001  2.6220999e+000  2.5000000e+000
  1.0588977e+001  2.7231363e+000  2.5000000e+000
  1.0510747e+001  2.8247067e+000  2.5000000e+000
  1.0510709e+001  2.9257342e+000  2.5000000e+000
  1.0510670e+001  3.0267616e+000  2.5000000e+000
  1.0510631e+001  3.1277891e+000  2.5000000e+000
  1.0510593e+001  3.2288165e+000  2.5000000e+000
  1.0510554e+001  3.3298440e+000  2.5000000e+000
  1.0510516e+001  3.4308715e+000  2.5000000e+000
  1.0510477e+001  3.5318989e+000  2.5000000e+000
  1.0510439e+001  3.6329264e+000  2.5000000e+000
  1.0588705e+001  3.7335011e+000  2.5000000e+000
  1.0588678e+001  3.8345376e+000  2.5000000e+000
  1.0588651e+001  3.9355741e+000  2.5000000e+000
  1.0588623e+001  4.0366106e+000  2.5000000e+000
  1.0588596e+001  4.1376471e+000  2.5000000e+000
  1.0588569e+001  4.2386835e+000  2.5000000e+000
  1.0666915e+001  4.3393214e+000  2.5000000e+000
  1.0666899e+001  4.4403669e+000  2.5000000e+000
  1.0666883e+001  4.5414124e+000  2.5000000e+000
  1.0745274e+001  4.6420864e+000  2.5000000e+000
  1.0745269e+001  4.7431409e+000  2.5000000e+000
  1.0823694e+001  4.8438419e+000  2.5000000e+000
  1.0902106e+001  4.7424159e+000  2.5000000e+000
  1.0902088e+001  4.6413433e+000  2.5000000e+000
  1.0902106e+001  4.7424159e+000  2.5000000e+000
  1.0823694e+001  4.8438419e+000  2.5000000e+000
  1.0902142e+001  4.9445610e+000  2.5000000e+000
  1.0902160e+001  5.0456335e+000  2.5000000e+000
  1.0902178e+001  5.1467061e+000  2.5000000e+000
  1.0823721e+001  5.2480961e+000  2.5000000e+000
  1.0823728e+001  5.3491596e+000  2.5000000e+000
  1.0823735e+001  5.4502232e+000  2.5000000e+000
  1.0823742e+001  5.5512867e+000  2.5000000e+000
  1.0823749e+001  5.6523502e+000  2.5000000e+000
  1.0823755e+001  5.7534138e+000  2.5000000e+000
  1.0823762e+001  5.8544773e+000  2.5000000e+000
  1.0823769e+001  5.9555408e+000  2.5000000e+000
  1.0823776e+001  6.0566044e+000  2.5000000e+000
  1.0823782e+001  6.1576679e+000  2.5000000e+000
  1.0823789e+001  6.2587314e+000  2.5000000e+000
  1.0745196e+001  6.3600132e+000  2.5000000e+000
  1.0823803e+001  6.4608585e+000  2.5000000e+000
  1.0745187e+001  6.5621222e+000  2.5000000e+000
  1.0666565e+001  6.5623224e+000  2.5000000e+000
  1.0587943e+001  6.5625226e+000  2.5000000e+000
  1.0509282e+001  6.6637502e+000  2.5000000e+000
  1.0509243e+001  6.7647777e+000  2.5000000e+000
  1.0509205e+001  6.8658051e+000  2.5000000e+000
  1.0430499e+001  6.9669967e+000  2.5000000e+000
  1.0430449e+001  7.0680152e+000  2.5000000e+000
  1.0430399e+001  7.1690336e+000  2.5000000e+000
  1.0430349e+001  7.2700520e+000  2.5000000e+000
  1.0509012e+001  7.3709425e+000  2.5000000e+000
  1.0430299e+001  7.3710705e+000  2.5000000e+000
  1.0351525e+001  7.4722079e+000  2.5000000e+000
  1.0272728e+001  7.5733273e+000  2.5000000e+000
  1.0430150e+001  7.6741258e+000  2.5000000e+000
  1.0193993e+001  7.5734373e+000  2.5000000e+000
  1.0115353e+001  7.4725650e+000  2.5000000e+000
  1.0115448e+001  7.3715826e+000  2.5000000e+000
  1.0036842e+001  7.2707373e+000  2.5000000e+000
  9.9580222e+000  7.3718386e+000  2.5000000e+000
  9.9581400e+000  7.2708743e+000  2.5000000e+000
  9.8795677e+000  7.1700560e+000  2.5000000e+000
  9.8796969e+000  7.0691007e+000  2.5000000e+000
  9.9584936e+000  6.9679813e+000  2.5000000e+000
  9.9586115e+000  6.8670170e+000  2.5000000e+000
  9.9587293e+000  6.7660527e+000  2.5000000e+000
  9.8802136e+000  6.6652795e+000  2.5000000e+000
  9.8803428e+000  6.5643242e+000  2.5000000e+000
  9.9590829e+000  6.4631597e+000  2.5000000e+000
  9.8806012e+000  6.3624136e+000  2.5000000e+000
  9.8807304e+000  6.2614583e+000  2.5000000e+000
  9.8808596e+000  6.1605029e+000  2.5000000e+000
  9.9595543e+000  6.0593024e+000  2.5000000e+000
  9.8811179e+000  5.9585923e+000  2.5000000e+000
  9.9597900e+000  5.8573737e+000  2.5000000e+000
  9.9599079e+000  5.7564094e+000  2.5000000e+000
  9.8815055e+000  5.6557264e+000  2.5000000e+000
  9.8816347e+000  5.5547711e+000  2.5000000e+000
  9.8032662e+000  5.4541152e+000  2.5000000e+000
  9.8034068e+000  5.3531689e+000  2.5000000e+000
  9.7250723e+000  5.2525400e+000  2.5000000e+000
  9.7252242e+000  5.1516027e+000  2.5000000e+000
  9.8038283e+000  5.0503300e+000  2.5000000e+000
  9.7255279e+000  4.9497282e+000  2.5000000e+000
  9.7256797e+000  4.8487909e+000  2.5000000e+000
  9.8042498e+000  4.7474911e+000  2.5000000e+000
  9.7259834e+000  4.6469164e+000  2.5000000e+000
  9.7261352e+000  4.5459791e+000  2.5000000e+000
  9.6479027e+000  4.4454314e+000  2.5000000e+000
  9.6480659e+000  4.3445031e+000  2.5000000e+000
  9.6482291e+000  4.2435749e+000  2.5000000e+000
  9.6483922e+000  4.1426466e+000  2.5000000e+000
  9.6485554e+000  4.0417184e+000  2.5000000e+000
  9.6487186e+000  3.9407901e+000  2.5000000e+000
  9.5705654e+000  3.8403055e+000  2.5000000e+000
  9.5707399e+000  3.7393863e+000  2.5000000e+000
  9.6492081e+000  3.6380054e+000  2.5000000e+000
  9.6493713e+000  3.5370771e+000  2.5000000e+000
  9.6495344e+000  3.4361488e+000  2.5000000e+000
  9.6496976e+000  3.3352206e+000  2.5000000e+000
  9.6498608e+000  3.2342923e+000  2.5000000e+000
  9.5717869e+000  3.1338709e+000  2.5000000e+000
  9.5719614e+000  3.0329517e+000  2.5000000e+000
  9.6503503e+000  2.9315076e+000  2.5000000e+000
  9.6505134e+000  2.8305793e+000  2.5000000e+000
  9.6506766e+000  2.7296511e+000  2.5000000e+000
  9.6508398e+000  2.6287228e+000  2.5000000e+000
  9.6510029e+000  2.5277946e+000  2.5000000e+000
  9.5730084e+000  2.4274363e+000  2.5000000e+000
  9.4948506e+000  2.4280062e+000  2.5000000e+000
  9.5731829e+000  2.3265170e+000  2.5000000e+000
  9.4952223e+000  2.2261858e+000  2.5000000e+000
  9.4954081e+000  2.1252756e+000  2.5000000e+000
  9.4955939e+000  2.0243653e+000  2.5000000e+000
  9.4176786e+000  1.9240702e+000  2.5000000e+000
  9.4178758e+000  1.8231690e+000  2.5000000e+000
  9.4180729e+000  1.7222678e+000  2.5000000e+000
  9.4963372e+000  1.6207245e+000  2.5000000e+000
  9.4184672e+000  1.5204654e+000  2.5000000e+000
  9.4186644e+000  1.4195642e+000  2.5000000e+000
  9.3408284e+000  1.3193321e+000  2.5000000e+000
  9.4190587e+000  1.2177618e+000  2.5000000e+000
  9.3412454e+000  1.1175478e+000  2.5000000e+000
  9.2500569e+000  8.1104051e-001  2.6000000e+000
  9.2517319e+000  9.1030886e-001  2.6000000e+000
  9.3304577e+000  1.0106857e+000  2.6000000e+000
  9.4075085e+000  1.0117941e+000  2.6000000e+000
  9.4845593e+000  1.0129026e+000  2.6000000e+000
  9.5598916e+000  9.1473001e-001  2.6000000e+000
  9.4811441e+000  8.1434688e-001  2.6000000e+000
  9.4041151e+000  8.1324476e-001  2.6000000e+000
  9.4024184e+000  7.1397008e-001  2.6000000e+000
  9.4794366e+000  7.1506904e-001  2.6000000e+000
  9.5564548e+000  7.1616800e-001  2.6000000e+000
  9.5581732e+000  8.1544901e-001  2.6000000e+000
  9.6369316e+000  9.1583530e-001  2.6000000e+000
  9.7122313e+000  8.1765326e-001  2.6000000e+000
  9.7892604e+000  8.1875538e-001  2.6000000e+000
  9.7139715e+000  9.1694059e-001  2.6000000e+000
  9.7157116e+000  1.0162279e+000  2.6000000e+000
  9.7174518e+000  1.1155153e+000  2.6000000e+000
  9.7962645e+000  1.2159174e+000  2.6000000e+000
  9.8715751e+000  1.1177385e+000  2.6000000e+000
  9.9468640e+000  1.0195533e+000  2.6000000e+000
  9.9486368e+000  1.1188501e+000  2.6000000e+000
  9.8715751e+000  1.1177385e+000  2.6000000e+000
  9.7962645e+000  1.2159174e+000  2.6000000e+000
  9.8750989e+000  1.3163258e+000  2.6000000e+000
  9.9539550e+000  1.4167406e+000  2.6000000e+000
  1.0029266e+001  1.3185617e+000  2.6000000e+000
  1.0031049e+001  1.4178617e+000  2.6000000e+000
  9.9557277e+000  1.5160374e+000  2.6000000e+000
  1.0034616e+001  1.6164617e+000  2.6000000e+000
  1.0113527e+001  1.7168923e+000  2.6000000e+000
  1.0188848e+001  1.6187165e+000  2.6000000e+000
  1.0187043e+001  1.5194102e+000  2.6000000e+000
  1.0262332e+001  1.4212250e+000  2.6000000e+000
  1.0183432e+001  1.3207976e+000  2.6000000e+000
  1.0262332e+001  1.4212250e+000  2.6000000e+000
  1.0339426e+001  1.4223461e+000  2.6000000e+000
  1.0416520e+001  1.4234672e+000  2.6000000e+000
  1.0341253e+001  1.5216588e+000  2.6000000e+000
  1.0420196e+001  1.6220988e+000  2.6000000e+000
  1.0497312e+001  1.6232263e+000  2.6000000e+000
  1.0576288e+001  1.7236759e+000  2.6000000e+000
  1.0653415e+001  1.7248065e+000  2.6000000e+000
  1.0578147e+001  1.8229980e+000  2.6000000e+000
  1.0580007e+001  1.9223201e+000  2.6000000e+000
  1.0581867e+001  2.0216423e+000  2.6000000e+000
  1.0504707e+001  2.0205022e+000  2.6000000e+000
  1.0429386e+001  2.1186779e+000  2.6000000e+000
  1.0508405e+001  2.2191401e+000  2.6000000e+000
  1.0431224e+001  2.2179937e+000  2.6000000e+000
  1.0355869e+001  2.3161599e+000  2.6000000e+000
  1.0357697e+001  2.4154726e+000  2.6000000e+000
  1.0359524e+001  2.5147852e+000  2.6000000e+000
  1.0438575e+001  2.6152569e+000  2.6000000e+000
  1.0440413e+001  2.7145727e+000  2.6000000e+000
  1.0442251e+001  2.8138885e+000  2.6000000e+000
  1.0444089e+001  2.9132044e+000  2.6000000e+000
  1.0445927e+001  3.0125202e+000  2.6000000e+000
  1.0447765e+001  3.1118360e+000  2.6000000e+000
  1.0449603e+001  3.2111518e+000  2.6000000e+000
  1.0451441e+001  3.3104676e+000  2.6000000e+000
  1.0453278e+001  3.4097834e+000  2.6000000e+000
  1.0377794e+001  3.5079117e+000  2.6000000e+000
  1.0456954e+001  3.6084150e+000  2.6000000e+000
  1.0458792e+001  3.7077308e+000  2.6000000e+000
  1.0460630e+001  3.8070466e+000  2.6000000e+000
  1.0539834e+001  3.9075626e+000  2.6000000e+000
  1.0617199e+001  3.9087628e+000  2.6000000e+000
  1.0619059e+001  4.0080850e+000  2.6000000e+000
  1.0543531e+001  4.1062006e+000  2.6000000e+000
  1.0622778e+001  4.2067293e+000  2.6000000e+000
  1.0700177e+001  4.2079390e+000  2.6000000e+000
  1.0702047e+001  4.3072643e+000  2.6000000e+000
  1.0781338e+001  4.4078056e+000  2.6000000e+000
  1.0705788e+001  4.5059149e+000  2.6000000e+000
  1.0785100e+001  4.6064625e+000  2.6000000e+000
  1.0786982e+001  4.7057910e+000  2.6000000e+000
  1.0711400e+001  4.8038908e+000  2.6000000e+000
  1.0790744e+001  4.9044479e+000  2.6000000e+000
  1.0792626e+001  5.0037764e+000  2.6000000e+000
  1.0794507e+001  5.1031048e+000  2.6000000e+000
  1.0796388e+001  5.2024333e+000  2.6000000e+000
  1.0720752e+001  5.3005173e+000  2.6000000e+000
  1.0722622e+001  5.3998426e+000  2.6000000e+000
  1.0724493e+001  5.4991679e+000  2.6000000e+000
  1.0803914e+001  5.5997471e+000  2.6000000e+000
  1.0805795e+001  5.6990756e+000  2.6000000e+000
  1.0807677e+001  5.7984041e+000  2.6000000e+000
  1.0809558e+001  5.8977325e+000  2.6000000e+000
  1.0811439e+001  5.9970610e+000  2.6000000e+000
  1.0813321e+001  6.0963895e+000  2.6000000e+000
  1.0815202e+001  6.1957179e+000  2.6000000e+000
  1.0737586e+001  6.1944449e+000  2.6000000e+000
  1.0658111e+001  6.0938498e+000  2.6000000e+000
  1.0582355e+001  6.1918990e+000  2.6000000e+000
  1.0584204e+001  6.2912180e+000  2.6000000e+000
  1.0586053e+001  6.3905369e+000  2.6000000e+000
  1.0587902e+001  6.4898559e+000  2.6000000e+000
  1.0589750e+001  6.5891749e+000  2.6000000e+000
  1.0513929e+001  6.6872051e+000  2.6000000e+000
  1.0436259e+001  6.6859163e+000  2.6000000e+000
  1.0360406e+001  6.7839370e+000  2.6000000e+000
  1.0439913e+001  6.8845416e+000  2.6000000e+000
  1.0519443e+001  6.9851525e+000  2.6000000e+000
  1.0443567e+001  7.0831669e+000  2.6000000e+000
  1.0445395e+001  7.1824795e+000  2.6000000e+000
  1.0443567e+001  7.0831669e+000  2.6000000e+000
  1.0519443e+001  6.9851525e+000  2.6000000e+000
  1.0439913e+001  6.8845416e+000  2.6000000e+000
  1.0362222e+001  6.8832464e+000  2.6000000e+000
  1.0360406e+001  6.7839370e+000  2.6000000e+000
  1.0280920e+001  6.6833387e+000  2.6000000e+000
  1.0356773e+001  6.5853180e+000  2.6000000e+000
  1.0277309e+001  6.4847261e+000  2.6000000e+000
  1.0275504e+001  6.3854197e+000  2.6000000e+000
  1.0351325e+001  6.2873896e+000  2.6000000e+000
  1.0427124e+001  6.1893531e+000  2.6000000e+000
  1.0347692e+001  6.0887706e+000  2.6000000e+000
  1.0268282e+001  5.9881945e+000  2.6000000e+000
  1.0190689e+001  5.9869278e+000  2.6000000e+000
  1.0114878e+001  6.0849612e+000  2.6000000e+000
  1.0190689e+001  5.9869278e+000  2.6000000e+000
  1.0188894e+001  5.8876247e+000  2.6000000e+000
  1.0264672e+001  5.7895818e+000  2.6000000e+000
  1.0185305e+001  5.6890184e+000  2.6000000e+000
  1.0105960e+001  5.5884612e+000  2.6000000e+000
  1.0030183e+001  5.6865041e+000  2.6000000e+000
  1.0028410e+001  5.5872072e+000  2.6000000e+000
  1.0026637e+001  5.4879104e+000  2.6000000e+000
  1.0024864e+001  5.3886136e+000  2.6000000e+000
  9.9455739e+000  5.2880723e+000  2.6000000e+000
  9.8663050e+000  5.1875373e+000  2.6000000e+000
  9.8645540e+000  5.0882468e+000  2.6000000e+000
  9.7853178e+000  4.9877213e+000  2.6000000e+000
  9.7835776e+000  4.8884339e+000  2.6000000e+000
  9.8593010e+000  4.7903753e+000  2.6000000e+000
  9.8575500e+000  4.6910848e+000  2.6000000e+000
  9.8557990e+000  4.5917943e+000  2.6000000e+000
  9.8540479e+000  4.4925038e+000  2.6000000e+000
  9.8522969e+000  4.3932133e+000  2.6000000e+000
  9.7731367e+000  4.2927099e+000  2.6000000e+000
  9.6939982e+000  4.1922129e+000  2.6000000e+000
  9.6922689e+000  4.0929287e+000  2.6000000e+000
  9.6905396e+000  3.9936446e+000  2.6000000e+000
  9.6888103e+000  3.8943604e+000  2.6000000e+000
  9.6097261e+000  3.7938792e+000  2.6000000e+000
  9.6080077e+000  3.6945982e+000  2.6000000e+000
  9.6836225e+000  3.5965079e+000  2.6000000e+000
  9.6045709e+000  3.4960362e+000  2.6000000e+000
  9.6028524e+000  3.3967551e+000  2.6000000e+000
  9.6011340e+000  3.2974741e+000  2.6000000e+000
  9.5221258e+000  3.1970151e+000  2.6000000e+000
  9.5976971e+000  3.0989121e+000  2.6000000e+000
  9.5187107e+000  2.9984594e+000  2.6000000e+000
  9.5170031e+000  2.8991816e+000  2.6000000e+000
  9.5925418e+000  2.8010691e+000  2.6000000e+000
  9.5135880e+000  2.7006259e+000  2.6000000e+000
  9.5118804e+000  2.6013480e+000  2.6000000e+000
  9.5873865e+000  2.5032261e+000  2.6000000e+000
  9.5856681e+000  2.4039451e+000  2.6000000e+000
  9.5067577e+000  2.3035145e+000  2.6000000e+000
  9.5050501e+000  2.2042367e+000  2.6000000e+000
  9.4261723e+000  2.1038156e+000  2.6000000e+000
  9.4244756e+000  2.0045409e+000  2.6000000e+000
  9.4227789e+000  1.9052662e+000  2.6000000e+000
  9.4210822e+000  1.8059915e+000  2.6000000e+000
  9.3422586e+000  1.7055863e+000  2.6000000e+000
  9.3405728e+000  1.6063147e+000  2.6000000e+000
  9.4159920e+000  1.5081675e+000  2.6000000e+000
  9.4142953e+000  1.4088928e+000  2.6000000e+000
  9.3355152e+000  1.3085002e+000  2.6000000e+000
  9.3338294e+000  1.2092287e+000  2.6000000e+000
  9.2550819e+000  1.1088456e+000  2.6000000e+000
  9.3304577e+000  1.0106857e+000  2.6000000e+000
  9.2517319e+000  9.1030886e-001  2.6000000e+000
  9.2500569e+000  8.1104051e-001  2.6000000e+000
  9.2203536e+000  3.5740964e-001  2.7000000e+000
  9.2999442e+000  4.5971818e-001  2.7000000e+000
  9.3795530e+000  5.6202709e-001  2.7000000e+000
  9.4561579e+000  4.5889218e-001  2.7000000e+000
  9.4576688e+000  5.6161428e-001  2.7000000e+000
  9.5373046e+000  6.6392375e-001  2.7000000e+000
  9.6154294e+000  6.6351112e-001  2.7000000e+000
  9.6935543e+000  6.6309849e-001  2.7000000e+000
  9.6169583e+000  7.6623359e-001  2.7000000e+000
  9.6184873e+000  8.6895607e-001  2.7000000e+000
  9.6981681e+000  9.7126647e-001  2.7000000e+000
  9.7747730e+000  8.6813156e-001  2.7000000e+000
  9.8529159e+000  8.6771930e-001  2.7000000e+000
  9.9326238e+000  9.7003027e-001  2.7000000e+000
  9.8560279e+000  1.0731654e+000  2.7000000e+000
  9.8575838e+000  1.1758884e+000  2.7000000e+000
  9.9373188e+000  1.2781999e+000  2.7000000e+000
  1.0013924e+001  1.1750650e+000  2.7000000e+000
  9.9373188e+000  1.2781999e+000  2.7000000e+000
  9.8606958e+000  1.3813345e+000  2.7000000e+000
  9.9404487e+000  1.4836464e+000  2.7000000e+000
  1.0018646e+001  1.4832352e+000  2.7000000e+000
  1.0096843e+001  1.4828241e+000  2.7000000e+000
  1.0173448e+001  1.3796892e+000  2.7000000e+000
  1.0253237e+001  1.4820018e+000  2.7000000e+000
  1.0329824e+001  1.3788666e+000  2.7000000e+000
  1.0328214e+001  1.2761424e+000  2.7000000e+000
  1.0248434e+001  1.1738299e+000  2.7000000e+000
  1.0246832e+001  1.0711060e+000  2.7000000e+000
  1.0248434e+001  1.1738299e+000  2.7000000e+000
  1.0328214e+001  1.2761424e+000  2.7000000e+000
  1.0406392e+001  1.2757309e+000  2.7000000e+000
  1.0482943e+001  1.1725949e+000  2.7000000e+000
  1.0561113e+001  1.1721832e+000  2.7000000e+000
  1.0562750e+001  1.2749079e+000  2.7000000e+000
  1.0564387e+001  1.3776326e+000  2.7000000e+000
  1.0644222e+001  1.4799462e+000  2.7000000e+000
  1.0645868e+001  1.5826711e+000  2.7000000e+000
  1.0725729e+001  1.6849852e+000  2.7000000e+000
  1.0727384e+001  1.7877103e+000  2.7000000e+000
  1.0650806e+001  1.8908458e+000  2.7000000e+000
  1.0652452e+001  1.9935707e+000  2.7000000e+000
  1.0654098e+001  2.0962956e+000  2.7000000e+000
  1.0577484e+001  2.1994303e+000  2.7000000e+000
  1.0579121e+001  2.3021550e+000  2.7000000e+000
  1.0500852e+001  2.3025647e+000  2.7000000e+000
  1.0424202e+001  2.4056987e+000  2.7000000e+000
  1.0425821e+001  2.5084230e+000  2.7000000e+000
  1.0505737e+001  2.6107383e+000  2.7000000e+000
  1.0429060e+001  2.7138717e+000  2.7000000e+000
  1.0430679e+001  2.8165960e+000  2.7000000e+000
  1.0432298e+001  2.9193204e+000  2.7000000e+000
  1.0433917e+001  3.0220447e+000  2.7000000e+000
  1.0435536e+001  3.1247691e+000  2.7000000e+000
  1.0437155e+001  3.2274934e+000  2.7000000e+000
  1.0438774e+001  3.3302178e+000  2.7000000e+000
  1.0440393e+001  3.4329421e+000  2.7000000e+000
  1.0520389e+001  3.5352590e+000  2.7000000e+000
  1.0443631e+001  3.6383908e+000  2.7000000e+000
  1.0523646e+001  3.7407081e+000  2.7000000e+000
  1.0602041e+001  3.7403011e+000  2.7000000e+000
  1.0603678e+001  3.8430258e+000  2.7000000e+000
  1.0683728e+001  3.9453439e+000  2.7000000e+000
  1.0685375e+001  4.0480688e+000  2.7000000e+000
  1.0765452e+001  4.1503874e+000  2.7000000e+000
  1.0688667e+001  4.2535186e+000  2.7000000e+000
  1.0690313e+001  4.3562435e+000  2.7000000e+000
  1.0691959e+001  4.4589684e+000  2.7000000e+000
  1.0772073e+001  4.5612878e+000  2.7000000e+000
  1.0848876e+001  4.4581570e+000  2.7000000e+000
  1.0772073e+001  4.5612878e+000  2.7000000e+000
  1.0773728e+001  4.6640129e+000  2.7000000e+000
  1.0853868e+001  4.7663328e+000  2.7000000e+000
  1.0855532e+001  4.8690581e+000  2.7000000e+000
  1.0778693e+001  4.9721881e+000  2.7000000e+000
  1.0701836e+001  5.0753178e+000  2.7000000e+000
  1.0782003e+001  5.1776383e+000  2.7000000e+000
  1.0705128e+001  5.2807676e+000  2.7000000e+000
  1.0785314e+001  5.3830885e+000  2.7000000e+000
  1.0786969e+001  5.4858136e+000  2.7000000e+000
  1.0788624e+001  5.5885387e+000  2.7000000e+000
  1.0790279e+001  5.6912638e+000  2.7000000e+000
  1.0791934e+001  5.7939889e+000  2.7000000e+000
  1.0793589e+001  5.8967139e+000  2.7000000e+000
  1.0795245e+001  5.9994390e+000  2.7000000e+000
  1.0716651e+001  5.9998419e+000  2.7000000e+000
  1.0638057e+001  6.0002449e+000  2.7000000e+000
  1.0561092e+001  6.1033723e+000  2.7000000e+000
  1.0641331e+001  6.2056943e+000  2.7000000e+000
  1.0721589e+001  6.3080167e+000  2.7000000e+000
  1.0798555e+001  6.2048892e+000  2.7000000e+000
  1.0721589e+001  6.3080167e+000  2.7000000e+000
  1.0641331e+001  6.2056943e+000  2.7000000e+000
  1.0564348e+001  6.3088214e+000  2.7000000e+000
  1.0565976e+001  6.4115459e+000  2.7000000e+000
  1.0567604e+001  6.5142704e+000  2.7000000e+000
  1.0490584e+001  6.6173967e+000  2.7000000e+000
  1.0570860e+001  6.7197195e+000  2.7000000e+000
  1.0572488e+001  6.8224440e+000  2.7000000e+000
  1.0652791e+001  6.9247673e+000  2.7000000e+000
  1.0572488e+001  6.8224440e+000  2.7000000e+000
  1.0492203e+001  6.7201211e+000  2.7000000e+000
  1.0413547e+001  6.7205227e+000  2.7000000e+000
  1.0333289e+001  6.6182003e+000  2.7000000e+000
  1.0254641e+001  6.6186021e+000  2.7000000e+000
  1.0253049e+001  6.5158783e+000  2.7000000e+000
  1.0330087e+001  6.4127524e+000  2.7000000e+000
  1.0328486e+001  6.3100284e+000  2.7000000e+000
  1.0248273e+001  6.2077070e+000  2.7000000e+000
  1.0246681e+001  6.1049832e+000  2.7000000e+000
  1.0166495e+001  6.0026623e+000  2.7000000e+000
  1.0087902e+001  6.0030652e+000  2.7000000e+000
  1.0009308e+001  6.0034681e+000  2.7000000e+000
  1.0007743e+001  5.9007449e+000  2.7000000e+000
  1.0006178e+001  5.7980217e+000  2.7000000e+000
  1.0083180e+001  5.6948950e+000  2.7000000e+000
  1.0081606e+001  5.5921716e+000  2.7000000e+000
  1.0001483e+001  5.4898520e+000  2.7000000e+000
  9.9999182e+000  5.3871288e+000  2.7000000e+000
  9.9198227e+000  5.2848098e+000  2.7000000e+000
  9.9182667e+000  5.1820868e+000  2.7000000e+000
  9.9167107e+000  5.0793637e+000  2.7000000e+000
  9.8366513e+000  4.9770455e+000  2.7000000e+000
  9.7581478e+000  4.9774502e+000  2.7000000e+000
  9.7566098e+000  4.8747276e+000  2.7000000e+000
  9.6765864e+000  4.7724101e+000  2.7000000e+000
  9.7566098e+000  4.8747276e+000  2.7000000e+000
  9.8335574e+000  4.7715998e+000  2.7000000e+000
  9.8320104e+000  4.6688769e+000  2.7000000e+000
  9.7519960e+000  4.5665596e+000  2.7000000e+000
  9.6735286e+000  4.5669651e+000  2.7000000e+000
  9.6719997e+000  4.4642427e+000  2.7000000e+000
  9.7489201e+000  4.3611143e+000  2.7000000e+000
  9.6689418e+000  4.2587977e+000  2.7000000e+000
  9.7458443e+000  4.1556690e+000  2.7000000e+000
  9.6658840e+000  4.0533528e+000  2.7000000e+000
  9.5859417e+000  3.9510369e+000  2.7000000e+000
  9.6628261e+000  3.8479078e+000  2.7000000e+000
  9.7396925e+000  3.7447783e+000  2.7000000e+000
  9.6597683e+000  3.6424629e+000  2.7000000e+000
  9.5813820e+000  3.6428701e+000  2.7000000e+000
  9.5798620e+000  3.5401478e+000  2.7000000e+000
  9.5783421e+000  3.4374255e+000  2.7000000e+000
  9.4984630e+000  3.3351110e+000  2.7000000e+000
  9.5753023e+000  3.2319809e+000  2.7000000e+000
  9.4954412e+000  3.1296668e+000  2.7000000e+000
  9.4939303e+000  3.0269447e+000  2.7000000e+000
  9.4924194e+000  2.9242226e+000  2.7000000e+000
  9.5692227e+000  2.8210918e+000  2.7000000e+000
  9.5677028e+000  2.7183695e+000  2.7000000e+000
  9.5661829e+000  2.6156472e+000  2.7000000e+000
  9.4863758e+000  2.5133342e+000  2.7000000e+000
  9.4848649e+000  2.4106121e+000  2.7000000e+000
  9.4833540e+000  2.3078900e+000  2.7000000e+000
  9.5601032e+000  2.2047581e+000  2.7000000e+000
  9.4803322e+000  2.1024458e+000  2.7000000e+000
  9.4788213e+000  1.9997237e+000  2.7000000e+000
  9.3990774e+000  1.8974120e+000  2.7000000e+000
  9.3975755e+000  1.7946901e+000  2.7000000e+000
  9.3960736e+000  1.6919681e+000  2.7000000e+000
  9.3163658e+000  1.5896572e+000  2.7000000e+000
  9.3148729e+000  1.4869354e+000  2.7000000e+000
  9.3133800e+000  1.3842137e+000  2.7000000e+000
  9.3900661e+000  1.2810805e+000  2.7000000e+000
  9.3103943e+000  1.1787703e+000  2.7000000e+000
  9.3089014e+000  1.0760485e+000  2.7000000e+000
  9.3074086e+000  9.7332681e-001  2.7000000e+000
  9.3059157e+000  8.7060509e-001  2.7000000e+000
  9.3044228e+000  7.6788336e-001  2.7000000e+000
  9.3029300e+000  6.6516163e-001  2.7000000e+000
  9.3014371e+000  5.6243991e-001  2.7000000e+000
  9.2999442e+000  4.5971818e-001  2.7000000e+000
  9.2203536e+000  3.5740964e-001  2.7000000e+000
  8.9295410e+000  1.1951608e+000  2.8000000e+000
  9.0074227e+000  1.1957969e+000  2.8000000e+000
  9.0827084e+000  1.0964532e+000  2.8000000e+000
  9.0801125e+000  9.9647330e-001  2.8000000e+000
  9.0775165e+000  8.9649340e-001  2.8000000e+000
  9.1553596e+000  8.9710063e-001  2.8000000e+000
  9.2332026e+000  8.9770786e-001  2.8000000e+000
  9.3136802e+000  9.9832393e-001  2.8000000e+000
  9.3888886e+000  8.9892233e-001  2.8000000e+000
  9.4693920e+000  9.9955768e-001  2.8000000e+000
  9.5499211e+000  1.1002123e+000  2.8000000e+000
  9.4747126e+000  1.1996139e+000  2.8000000e+000
  9.5552675e+000  1.3002878e+000  2.8000000e+000
  9.5579407e+000  1.4003256e+000  2.8000000e+000
  9.6385342e+000  1.5010285e+000  2.8000000e+000
  9.7164545e+000  1.5016936e+000  2.8000000e+000
  9.7916629e+000  1.4022920e+000  2.8000000e+000
  9.7110566e+000  1.3015795e+000  2.8000000e+000
  9.7916629e+000  1.4022920e+000  2.8000000e+000
  9.7164545e+000  1.5016936e+000  2.8000000e+000
  9.7970866e+000  1.6024253e+000  2.8000000e+000
  9.8777445e+000  1.7031764e+000  2.8000000e+000
  9.9529529e+000  1.6037748e+000  2.8000000e+000
  1.0028136e+001  1.5043539e+000  2.8000000e+000
  1.0106056e+001  1.5050190e+000  2.8000000e+000
  1.0183976e+001  1.5056841e+000  2.8000000e+000
  1.0264686e+001  1.6064738e+000  2.8000000e+000
  1.0345421e+001  1.7072827e+000  2.8000000e+000
  1.0348223e+001  1.8074169e+000  2.8000000e+000
  1.0428997e+001  1.9082548e+000  2.8000000e+000
  1.0353827e+001  2.0076853e+000  2.8000000e+000
  1.0356629e+001  2.1078195e+000  2.8000000e+000
  1.0359431e+001  2.2079537e+000  2.8000000e+000
  1.0281420e+001  2.2072211e+000  2.8000000e+000
  1.0206186e+001  2.3066034e+000  2.8000000e+000
  1.0286998e+001  2.4074702e+000  2.8000000e+000
  1.0211738e+001  2.5068332e+000  2.8000000e+000
  1.0292577e+001  2.6077193e+000  2.8000000e+000
  1.0211738e+001  2.5068332e+000  2.8000000e+000
  1.0136453e+001  2.6061770e+000  2.8000000e+000
  1.0139216e+001  2.7062822e+000  2.8000000e+000
  1.0141979e+001  2.8063875e+000  2.8000000e+000
  1.0144743e+001  2.9064928e+000  2.8000000e+000
  1.0147506e+001  3.0065980e+000  2.8000000e+000
  1.0150269e+001  3.1067033e+000  2.8000000e+000
  1.0153033e+001  3.2068086e+000  2.8000000e+000
  1.0155796e+001  3.3069138e+000  2.8000000e+000
  1.0158559e+001  3.4070191e+000  2.8000000e+000
  1.0161323e+001  3.5071244e+000  2.8000000e+000
  1.0164086e+001  3.6072297e+000  2.8000000e+000
  1.0166850e+001  3.7073349e+000  2.8000000e+000
  1.0169613e+001  3.8074402e+000  2.8000000e+000
  1.0250606e+001  3.9084420e+000  2.8000000e+000
  1.0331624e+001  4.0094631e+000  2.8000000e+000
  1.0409866e+001  4.0103693e+000  2.8000000e+000
  1.0412668e+001  4.1105035e+000  2.8000000e+000
  1.0493738e+001  4.2115631e+000  2.8000000e+000
  1.0496553e+001  4.3117070e+000  2.8000000e+000
  1.0499368e+001  4.4118508e+000  2.8000000e+000
  1.0502183e+001  4.5119947e+000  2.8000000e+000
  1.0504998e+001  4.6121385e+000  2.8000000e+000
  1.0586145e+001  4.7132560e+000  2.8000000e+000
  1.0588973e+001  4.8134095e+000  2.8000000e+000
  1.0591800e+001  4.9135630e+000  2.8000000e+000
  1.0516257e+001  5.0127139e+000  2.8000000e+000
  1.0597456e+001  5.1138700e+000  2.8000000e+000
  1.0521887e+001  5.2130016e+000  2.8000000e+000
  1.0603111e+001  5.3141769e+000  2.8000000e+000
  1.0527516e+001  5.4132892e+000  2.8000000e+000
  1.0530331e+001  5.5134331e+000  2.8000000e+000
  1.0533146e+001  5.6135769e+000  2.8000000e+000
  1.0535961e+001  5.7137208e+000  2.8000000e+000
  1.0538776e+001  5.8138646e+000  2.8000000e+000
  1.0541591e+001  5.9140084e+000  2.8000000e+000
  1.0465906e+001  6.0130532e+000  2.8000000e+000
  1.0547220e+001  6.1142961e+000  2.8000000e+000
  1.0471510e+001  6.2133216e+000  2.8000000e+000
  1.0392984e+001  6.2122033e+000  2.8000000e+000
  1.0317235e+001  6.3111999e+000  2.8000000e+000
  1.0320011e+001  6.4113148e+000  2.8000000e+000
  1.0322787e+001  6.5114297e+000  2.8000000e+000
  1.0404141e+001  6.6127015e+000  2.8000000e+000
  1.0325564e+001  6.6115446e+000  2.8000000e+000
  1.0249750e+001  6.7104930e+000  2.8000000e+000
  1.0252513e+001  6.8105982e+000  2.8000000e+000
  1.0255277e+001  6.9107035e+000  2.8000000e+000
  1.0179411e+001  7.0096133e+000  2.8000000e+000
  1.0098045e+001  6.9083318e+000  2.8000000e+000
  1.0022154e+001  7.0072223e+000  2.8000000e+000
  1.0098045e+001  6.9083318e+000  2.8000000e+000
  1.0095308e+001  6.8082458e+000  2.8000000e+000
  1.0013980e+001  6.7069933e+000  2.8000000e+000
  1.0011255e+001  6.6069169e+000  2.8000000e+000
  1.0089832e+001  6.6080739e+000  2.8000000e+000
  1.0165659e+001  6.5091351e+000  2.8000000e+000
  1.0084357e+001  6.4079019e+000  2.8000000e+000
  1.0003081e+001  6.3066879e+000  2.8000000e+000
  9.9218310e+000  6.2054933e+000  2.8000000e+000
  9.8433055e+000  6.2043749e+000  2.8000000e+000
  9.8406066e+000  6.1043179e+000  2.8000000e+000
  9.9191192e+000  6.1054266e+000  2.8000000e+000
  9.9949071e+000  6.0064589e+000  2.8000000e+000
  9.9921824e+000  5.9063826e+000  2.8000000e+000
  9.9109837e+000  5.8052265e+000  2.8000000e+000
  9.8325097e+000  5.8041467e+000  2.8000000e+000
  9.7513496e+000  5.7030195e+000  2.8000000e+000
  9.7486635e+000  5.6029721e+000  2.8000000e+000
  9.6675420e+000  5.5018739e+000  2.8000000e+000
  9.7459774e+000  5.5029247e+000  2.8000000e+000
  9.8217139e+000  5.4039185e+000  2.8000000e+000
  9.7406053e+000  5.3028299e+000  2.8000000e+000
  9.6621956e+000  5.3017984e+000  2.8000000e+000
  9.5811257e+000  5.2007387e+000  2.8000000e+000
  9.5027289e+000  5.1997168e+000  2.8000000e+000
  9.5784654e+000  5.1007106e+000  2.8000000e+000
  9.6541760e+000  5.0016851e+000  2.8000000e+000
  9.5731447e+000  4.9006543e+000  2.8000000e+000
  9.4921391e+000  4.7996429e+000  2.8000000e+000
  9.5678241e+000  4.7005981e+000  2.8000000e+000
  9.5651637e+000  4.6005700e+000  2.8000000e+000
  9.4841968e+000  4.4995875e+000  2.8000000e+000
  9.4815493e+000  4.3995690e+000  2.8000000e+000
  9.4006210e+000  4.2986154e+000  2.8000000e+000
  9.3197185e+000  4.1976811e+000  2.8000000e+000
  9.3170968e+000  4.0976819e+000  2.8000000e+000
  9.3144751e+000  3.9976827e+000  2.8000000e+000
  9.3900827e+000  3.8985801e+000  2.8000000e+000
  9.3092317e+000  3.7976843e+000  2.8000000e+000
  9.3066100e+000  3.6976852e+000  2.8000000e+000
  9.3039883e+000  3.5976860e+000  2.8000000e+000
  9.3013666e+000  3.4976868e+000  2.8000000e+000
  9.2987449e+000  3.3976876e+000  2.8000000e+000
  9.2179712e+000  3.2968497e+000  2.8000000e+000
  9.2153623e+000  3.1968602e+000  2.8000000e+000
  9.2127535e+000  3.0968706e+000  2.8000000e+000
  9.2882582e+000  2.9976908e+000  2.8000000e+000
  9.2856365e+000  2.8976916e+000  2.8000000e+000
  9.2830148e+000  2.7976925e+000  2.8000000e+000
  9.2803931e+000  2.6976933e+000  2.8000000e+000
  9.2777714e+000  2.5976941e+000  2.8000000e+000
  9.2751497e+000  2.4976949e+000  2.8000000e+000
  9.1944918e+000  2.3969438e+000  2.8000000e+000
  9.1164556e+000  2.3961919e+000  2.8000000e+000
  9.1138597e+000  2.2962120e+000  2.8000000e+000
  9.1112637e+000  2.1962321e+000  2.8000000e+000
  9.1086678e+000  2.0962522e+000  2.8000000e+000
  9.1060719e+000  1.9962723e+000  2.8000000e+000
  9.1034759e+000  1.8962924e+000  2.8000000e+000
  9.1008800e+000  1.7963125e+000  2.8000000e+000
  9.0203380e+000  1.6956482e+000  2.8000000e+000
  9.0177549e+000  1.5956780e+000  2.8000000e+000
  9.0930922e+000  1.4963728e+000  2.8000000e+000
  9.0904962e+000  1.3963929e+000  2.8000000e+000
  9.0100057e+000  1.2957672e+000  2.8000000e+000
  8.9346814e+000  1.3950820e+000  2.8000000e+000
  9.0100057e+000  1.2957672e+000  2.8000000e+000
  8.9295410e+000  1.1951608e+000  2.8000000e+000
  8.9972614e+000  8.3888603e-001  3.0000000e+000
  9.0730143e+000  7.3980987e-001  3.0000000e+000
  9.1498588e+000  7.3986264e-001  3.0000000e+000
  9.2255509e+000  6.4075524e-001  3.0000000e+000
  9.2267034e+000  7.3991540e-001  3.0000000e+000
  9.3047207e+000  8.3913874e-001  3.0000000e+000
  9.3815855e+000  8.3920192e-001  3.0000000e+000
  9.4596636e+000  9.3845651e-001  3.0000000e+000
  9.5365486e+000  9.3853010e-001  3.0000000e+000
  9.6121800e+000  8.3939145e-001  3.0000000e+000
  9.6890448e+000  8.3945463e-001  3.0000000e+000
  9.6903188e+000  9.3867729e-001  3.0000000e+000
  9.6121800e+000  8.3939145e-001  3.0000000e+000
  9.5365486e+000  9.3853010e-001  3.0000000e+000
  9.4608768e+000  1.0376479e+000  3.0000000e+000
  9.5390156e+000  1.1369338e+000  3.0000000e+000
  9.6171949e+000  1.2362404e+000  3.0000000e+000
  9.6941408e+000  1.2363453e+000  3.0000000e+000
  9.7723809e+000  1.3356832e+000  3.0000000e+000
  9.8480325e+000  1.2365549e+000  3.0000000e+000
  9.7723809e+000  1.3356832e+000  3.0000000e+000
  9.8506615e+000  1.4350419e+000  3.0000000e+000
  9.9276479e+000  1.4351676e+000  3.0000000e+000
  1.0004634e+001  1.4352933e+000  3.0000000e+000
  1.0081621e+001  1.4354189e+000  3.0000000e+000
  1.0158607e+001  1.4355446e+000  3.0000000e+000
  1.0237009e+001  1.5349658e+000  3.0000000e+000
  1.0238425e+001  1.6342614e+000  3.0000000e+000
  1.0316888e+001  1.7337139e+000  3.0000000e+000
  1.0318324e+001  1.8330199e+000  3.0000000e+000
  1.0319760e+001  1.9323258e+000  3.0000000e+000
  1.0321196e+001  2.0316318e+000  3.0000000e+000
  1.0322632e+001  2.1309378e+000  3.0000000e+000
  1.0401217e+001  2.2304528e+000  3.0000000e+000
  1.0325504e+001  2.3295498e+000  3.0000000e+000
  1.0249751e+001  2.4286259e+000  3.0000000e+000
  1.0172562e+001  2.4283961e+000  3.0000000e+000
  1.0096749e+001  2.5274410e+000  3.0000000e+000
  1.0175353e+001  2.6269664e+000  3.0000000e+000
  1.0099499e+001  2.7259905e+000  3.0000000e+000
  1.0100875e+001  2.8252652e+000  3.0000000e+000
  1.0102250e+001  2.9245399e+000  3.0000000e+000
  1.0026315e+001  3.0235224e+000  3.0000000e+000
  1.0105000e+001  3.1230894e+000  3.0000000e+000
  1.0029025e+001  3.2220510e+000  3.0000000e+000
  1.0107751e+001  3.3216389e+000  3.0000000e+000
  1.0186518e+001  3.4212476e+000  3.0000000e+000
  1.0110502e+001  3.5201883e+000  3.0000000e+000
  1.0111877e+001  3.6194631e+000  3.0000000e+000
  1.0113252e+001  3.7187378e+000  3.0000000e+000
  1.0114627e+001  3.8180125e+000  3.0000000e+000
  1.0193496e+001  3.9176733e+000  3.0000000e+000
  1.0272404e+001  4.0173550e+000  3.0000000e+000
  1.0196287e+001  4.1162436e+000  3.0000000e+000
  1.0275236e+001  4.2159461e+000  3.0000000e+000
  1.0354225e+001  4.3156694e+000  3.0000000e+000
  1.0431799e+001  4.3160971e+000  3.0000000e+000
  1.0507896e+001  4.2171980e+000  3.0000000e+000
  1.0431799e+001  4.3160971e+000  3.0000000e+000
  1.0433255e+001  4.4154135e+000  3.0000000e+000
  1.0512326e+001  4.5151784e+000  3.0000000e+000
  1.0591437e+001  4.6149642e+000  3.0000000e+000
  1.0515279e+001  4.7138321e+000  3.0000000e+000
  1.0594431e+001  4.8136387e+000  3.0000000e+000
  1.0595928e+001  4.9129759e+000  3.0000000e+000
  1.0597425e+001  5.0123131e+000  3.0000000e+000
  1.0598921e+001  5.1116504e+000  3.0000000e+000
  1.0522662e+001  5.2104661e+000  3.0000000e+000
  1.0524139e+001  5.3097929e+000  3.0000000e+000
  1.0447819e+001  5.4085775e+000  3.0000000e+000
  1.0449275e+001  5.5078939e+000  3.0000000e+000
  1.0450731e+001  5.6072102e+000  3.0000000e+000
  1.0452188e+001  5.7065266e+000  3.0000000e+000
  1.0453644e+001  5.8058430e+000  3.0000000e+000
  1.0377202e+001  5.9045651e+000  3.0000000e+000
  1.0456556e+001  6.0044758e+000  3.0000000e+000
  1.0380074e+001  6.1031770e+000  3.0000000e+000
  1.0303552e+001  6.2018574e+000  3.0000000e+000
  1.0304968e+001  6.3011530e+000  3.0000000e+000
  1.0228384e+001  6.3998021e+000  3.0000000e+000
  1.0307799e+001  6.4997441e+000  3.0000000e+000
  1.0385819e+001  6.5004010e+000  3.0000000e+000
  1.0307799e+001  6.4997441e+000  3.0000000e+000
  1.0231175e+001  6.5983724e+000  3.0000000e+000
  1.0310631e+001  6.6983352e+000  3.0000000e+000
  1.0233966e+001  6.7969427e+000  3.0000000e+000
  1.0157261e+001  6.8955293e+000  3.0000000e+000
  1.0236757e+001  6.9955130e+000  3.0000000e+000
  1.0316294e+001  7.0955175e+000  3.0000000e+000
  1.0317710e+001  7.1948130e+000  3.0000000e+000
  1.0239548e+001  7.1940833e+000  3.0000000e+000
  1.0316294e+001  7.0955175e+000  3.0000000e+000
  1.0236757e+001  6.9955130e+000  3.0000000e+000
  1.0157261e+001  6.8955293e+000  3.0000000e+000
  1.0233966e+001  6.7969427e+000  3.0000000e+000
  1.0154511e+001  6.6969798e+000  3.0000000e+000
  1.0076451e+001  6.6963021e+000  3.0000000e+000
  9.9997256e+000  6.7948784e+000  3.0000000e+000
  1.0001060e+001  6.8941323e+000  3.0000000e+000
  9.9997256e+000  6.7948784e+000  3.0000000e+000
  1.0076451e+001  6.6963021e+000  3.0000000e+000
  1.0153136e+001  6.5977051e+000  3.0000000e+000
  1.0073741e+001  6.4977735e+000  3.0000000e+000
  1.0072386e+001  6.3985092e+000  3.0000000e+000
  9.9930517e+000  6.2986088e+000  3.0000000e+000
  9.9163873e+000  6.3972163e+000  3.0000000e+000
  9.9930517e+000  6.2986088e+000  3.0000000e+000
  9.9137583e+000  6.1987293e+000  3.0000000e+000
  9.9124438e+000  6.0994858e+000  3.0000000e+000
  9.9890474e+000  6.0008471e+000  3.0000000e+000
  9.9098147e+000  5.9009989e+000  3.0000000e+000
  9.8306226e+000  5.8011714e+000  3.0000000e+000
  9.7527449e+000  5.8005875e+000  3.0000000e+000
  9.8306226e+000  5.8011714e+000  3.0000000e+000
  9.9071857e+000  5.7025119e+000  3.0000000e+000
  9.8280340e+000  5.6027053e+000  3.0000000e+000
  9.7489229e+000  5.5029195e+000  3.0000000e+000
  9.7476489e+000  5.4036968e+000  3.0000000e+000
  9.7463749e+000  5.3044742e+000  3.0000000e+000
  9.7451009e+000  5.2052515e+000  3.0000000e+000
  9.7438269e+000  5.1060289e+000  3.0000000e+000
  9.7425529e+000  5.0068062e+000  3.0000000e+000
  9.7412789e+000  4.9075836e+000  3.0000000e+000
  9.7400049e+000  4.8083609e+000  3.0000000e+000
  9.7387309e+000  4.7091382e+000  3.0000000e+000
  9.7374569e+000  4.6099156e+000  3.0000000e+000
  9.7361829e+000  4.5106929e+000  3.0000000e+000
  9.7349089e+000  4.4114703e+000  3.0000000e+000
  9.6560610e+000  4.3118199e+000  3.0000000e+000
  9.6548073e+000  4.2126077e+000  3.0000000e+000
  9.5760203e+000  4.1129885e+000  3.0000000e+000
  9.5747868e+000  4.0137867e+000  3.0000000e+000
  9.4960605e+000  3.9141988e+000  3.0000000e+000
  9.4173747e+000  3.8146318e+000  3.0000000e+000
  9.4161818e+000  3.7154508e+000  3.0000000e+000
  9.3375568e+000  3.6159150e+000  3.0000000e+000
  9.3363841e+000  3.5167444e+000  3.0000000e+000
  9.3352113e+000  3.4175738e+000  3.0000000e+000
  9.3340386e+000  3.3184032e+000  3.0000000e+000
  9.3328659e+000  3.2192326e+000  3.0000000e+000
  9.3316932e+000  3.1200621e+000  3.0000000e+000
  9.3305205e+000  3.0208915e+000  3.0000000e+000
  9.3293478e+000  2.9217209e+000  3.0000000e+000
  9.3281750e+000  2.8225503e+000  3.0000000e+000
  9.3270023e+000  2.7233797e+000  3.0000000e+000
  9.3258296e+000  2.6242092e+000  3.0000000e+000
  9.2474477e+000  2.5247983e+000  3.0000000e+000
  9.1691063e+000  2.4254084e+000  3.0000000e+000
  9.1679741e+000  2.3262586e+000  3.0000000e+000
  9.1668419e+000  2.2271089e+000  3.0000000e+000
  9.1657097e+000  2.1279591e+000  3.0000000e+000
  9.1645775e+000  2.0288094e+000  3.0000000e+000
  9.2405329e+000  1.9298374e+000  3.0000000e+000
  9.1623131e+000  1.8305099e+000  3.0000000e+000
  9.2382280e+000  1.7315170e+000  3.0000000e+000
  9.2370755e+000  1.6323569e+000  3.0000000e+000
  9.2359231e+000  1.5331967e+000  3.0000000e+000
  9.1577843e+000  1.4339109e+000  3.0000000e+000
  9.1566521e+000  1.3347611e+000  3.0000000e+000
  9.0785740e+000  1.2355065e+000  3.0000000e+000
  9.0774621e+000  1.1363672e+000  3.0000000e+000
  9.0763501e+000  1.0372279e+000  3.0000000e+000
  9.0752382e+000  9.3808854e-001  3.0000000e+000
  8.9972614e+000  8.3888603e-001  3.0000000e+000
  9.0745644e+000  6.9126809e-001  3.1000000e+000
  9.1523026e+000  7.9337175e-001  3.1000000e+000
  9.2295260e+000  7.9278658e-001  3.1000000e+000
  9.3067493e+000  7.9220142e-001  3.1000000e+000
  9.3845602e+000  8.9433807e-001  3.1000000e+000
  9.4611959e+000  7.9103110e-001  3.1000000e+000
  9.5377953e+000  6.8770763e-001  3.1000000e+000
  9.4611959e+000  7.9103110e-001  3.1000000e+000
  9.4618017e+000  8.9376115e-001  3.1000000e+000
  9.4624074e+000  9.9649120e-001  3.1000000e+000
  9.4630132e+000  1.0992213e+000  3.1000000e+000
  9.4636189e+000  1.2019513e+000  3.1000000e+000
  9.3869105e+000  1.3052253e+000  3.1000000e+000
  9.4648304e+000  1.4074114e+000  3.1000000e+000
  9.5421627e+000  1.4068757e+000  3.1000000e+000
  9.6188530e+000  1.3035935e+000  3.1000000e+000
  9.6182109e+000  1.2008470e+000  3.1000000e+000
  9.6175688e+000  1.0981004e+000  3.1000000e+000
  9.6182109e+000  1.2008470e+000  3.1000000e+000
  9.6961671e+000  1.3030496e+000  3.1000000e+000
  9.7734813e+000  1.3025057e+000  3.1000000e+000
  9.8500989e+000  1.1991905e+000  3.1000000e+000
  9.9273949e+000  1.1986383e+000  3.1000000e+000
  9.8500989e+000  1.1991905e+000  3.1000000e+000
  9.7734813e+000  1.3025057e+000  3.1000000e+000
  9.8514921e+000  1.4047330e+000  3.1000000e+000
  9.7748382e+000  1.5080318e+000  3.1000000e+000
  9.8528853e+000  1.6102756e+000  3.1000000e+000
  9.9309687e+000  1.7125360e+000  3.1000000e+000
  1.0007623e+001  1.6092373e+000  3.1000000e+000
  1.0006890e+001  1.5064495e+000  3.1000000e+000
  1.0083489e+001  1.4031260e+000  3.1000000e+000
  1.0160821e+001  1.4025903e+000  3.1000000e+000
  1.0237366e+001  1.2992421e+000  3.1000000e+000
  1.0238154e+001  1.4020546e+000  3.1000000e+000
  1.0238941e+001  1.5048672e+000  3.1000000e+000
  1.0239729e+001  1.6076797e+000  3.1000000e+000
  1.0317903e+001  1.7099813e+000  3.1000000e+000
  1.0318709e+001  1.8128021e+000  3.1000000e+000
  1.0319514e+001  1.9156229e+000  3.1000000e+000
  1.0320320e+001  2.0184436e+000  3.1000000e+000
  1.0321125e+001  2.1212644e+000  3.1000000e+000
  1.0321931e+001  2.2240852e+000  3.1000000e+000
  1.0400233e+001  2.3264445e+000  3.1000000e+000
  1.0323542e+001  2.4297267e+000  3.1000000e+000
  1.0246816e+001  2.5329925e+000  3.1000000e+000
  1.0325153e+001  2.6353683e+000  3.1000000e+000
  1.0246816e+001  2.5329925e+000  3.1000000e+000
  1.0169283e+001  2.5334374e+000  3.1000000e+000
  1.0092502e+001  2.6366784e+000  3.1000000e+000
  1.0093253e+001  2.7394745e+000  3.1000000e+000
  1.0171591e+001  2.8418503e+000  3.1000000e+000
  1.0249178e+001  2.8414301e+000  3.1000000e+000
  1.0172361e+001  2.9446546e+000  3.1000000e+000
  1.0173130e+001  3.0474588e+000  3.1000000e+000
  1.0173899e+001  3.1502631e+000  3.1000000e+000
  1.0174668e+001  3.2530674e+000  3.1000000e+000
  1.0253115e+001  3.3554927e+000  3.1000000e+000
  1.0253903e+001  3.4583052e+000  3.1000000e+000
  1.0176976e+001  3.5614803e+000  3.1000000e+000
  1.0177745e+001  3.6642845e+000  3.1000000e+000
  1.0178515e+001  3.7670888e+000  3.1000000e+000
  1.0257052e+001  3.8695554e+000  3.1000000e+000
  1.0180053e+001  3.9726974e+000  3.1000000e+000
  1.0258627e+001  4.0751804e+000  3.1000000e+000
  1.0336432e+001  4.0748592e+000  3.1000000e+000
  1.0415061e+001  4.1773670e+000  3.1000000e+000
  1.0493726e+001  4.2798912e+000  3.1000000e+000
  1.0494567e+001  4.3827285e+000  3.1000000e+000
  1.0417532e+001  4.4858540e+000  3.1000000e+000
  1.0496251e+001  4.5884031e+000  3.1000000e+000
  1.0575007e+001  4.6909686e+000  3.1000000e+000
  1.0575867e+001  4.7938141e+000  3.1000000e+000
  1.0576727e+001  4.8966596e+000  3.1000000e+000
  1.0577587e+001  4.9995051e+000  3.1000000e+000
  1.0578448e+001  5.1023507e+000  3.1000000e+000
  1.0501303e+001  5.2054267e+000  3.1000000e+000
  1.0502145e+001  5.3082640e+000  3.1000000e+000
  1.0502987e+001  5.4111012e+000  3.1000000e+000
  1.0503829e+001  5.5139385e+000  3.1000000e+000
  1.0504671e+001  5.6167758e+000  3.1000000e+000
  1.0505513e+001  5.7196131e+000  3.1000000e+000
  1.0584468e+001  5.8222693e+000  3.1000000e+000
  1.0507197e+001  5.9252876e+000  3.1000000e+000
  1.0508039e+001  6.0281249e+000  3.1000000e+000
  1.0508881e+001  6.1309622e+000  3.1000000e+000
  1.0587909e+001  6.2336514e+000  3.1000000e+000
  1.0588769e+001  6.3364969e+000  3.1000000e+000
  1.0511407e+001  6.4394740e+000  3.1000000e+000
  1.0512249e+001  6.5423112e+000  3.1000000e+000
  1.0591349e+001  6.6450335e+000  3.1000000e+000
  1.0668730e+001  6.5420646e+000  3.1000000e+000
  1.0746075e+001  6.4390793e+000  3.1000000e+000
  1.0668730e+001  6.5420646e+000  3.1000000e+000
  1.0591349e+001  6.6450335e+000  3.1000000e+000
  1.0513932e+001  6.7479858e+000  3.1000000e+000
  1.0514774e+001  6.8508231e+000  3.1000000e+000
  1.0437303e+001  6.9537507e+000  3.1000000e+000
  1.0438127e+001  7.0565797e+000  3.1000000e+000
  1.0438950e+001  7.1594087e+000  3.1000000e+000
  1.0439774e+001  7.2622377e+000  3.1000000e+000
  1.0440598e+001  7.3650668e+000  3.1000000e+000
  1.0441422e+001  7.4678958e+000  3.1000000e+000
  1.0362212e+001  7.3651241e+000  3.1000000e+000
  1.0284613e+001  7.4679939e+000  3.1000000e+000
  1.0283826e+001  7.3651814e+000  3.1000000e+000
  1.0362212e+001  7.3651241e+000  3.1000000e+000
  1.0439774e+001  7.2622377e+000  3.1000000e+000
  1.0360601e+001  7.1594825e+000  3.1000000e+000
  1.0282251e+001  7.1595563e+000  3.1000000e+000
  1.0203901e+001  7.1596301e+000  3.1000000e+000
  1.0126302e+001  7.2625000e+000  3.1000000e+000
  1.0048667e+001  7.3653533e+000  3.1000000e+000
  1.0126302e+001  7.2625000e+000  3.1000000e+000
  1.0047201e+001  7.1597778e+000  3.1000000e+000
  9.9681364e+000  7.0570720e+000  3.1000000e+000
  9.9674217e+000  6.9542925e+000  3.1000000e+000
  9.8884115e+000  6.8516115e+000  3.1000000e+000
  9.9674217e+000  6.9542925e+000  3.1000000e+000
  1.0045002e+001  6.8514144e+000  3.1000000e+000
  1.0044269e+001  6.7486266e+000  3.1000000e+000
  9.9652774e+000  6.6459539e+000  3.1000000e+000
  9.9645626e+000  6.5431743e+000  3.1000000e+000
  9.9638478e+000  6.4403948e+000  3.1000000e+000
  1.0041338e+001  6.3374755e+000  3.1000000e+000
  1.0040605e+001  6.2346877e+000  3.1000000e+000
  1.0039872e+001  6.1318999e+000  3.1000000e+000
  9.9609888e+000  6.0292766e+000  3.1000000e+000
  9.8821422e+000  5.9266699e+000  3.1000000e+000
  9.8814456e+000  5.8238986e+000  3.1000000e+000
  9.8026535e+000  5.7213166e+000  3.1000000e+000
  9.8800524e+000  5.6183560e+000  3.1000000e+000
  9.8793558e+000  5.5155847e+000  3.1000000e+000
  9.8006183e+000  5.4130275e+000  3.1000000e+000
  9.7999398e+000  5.3102644e+000  3.1000000e+000
  9.7992614e+000  5.2075014e+000  3.1000000e+000
  9.7985830e+000  5.1047383e+000  3.1000000e+000
  9.7979046e+000  5.0019753e+000  3.1000000e+000
  9.7972261e+000  4.8992122e+000  3.1000000e+000
  9.7965477e+000  4.7964492e+000  3.1000000e+000
  9.7179555e+000  4.6939579e+000  3.1000000e+000
  9.7172953e+000  4.5912031e+000  3.1000000e+000
  9.7166350e+000  4.4884483e+000  3.1000000e+000
  9.7159747e+000  4.3856935e+000  3.1000000e+000
  9.6374734e+000  4.2832435e+000  3.1000000e+000
  9.5590084e+000  4.1808099e+000  3.1000000e+000
  9.5583845e+000  4.0780716e+000  3.1000000e+000
  9.4799740e+000  3.9756628e+000  3.1000000e+000
  9.4015998e+000  3.8732705e+000  3.1000000e+000
  9.4010122e+000  3.7705487e+000  3.1000000e+000
  9.3226926e+000  3.6681811e+000  3.1000000e+000
  9.3221232e+000  3.5654675e+000  3.1000000e+000
  9.3215538e+000  3.4627540e+000  3.1000000e+000
  9.3986619e+000  3.3596614e+000  3.1000000e+000
  9.3980744e+000  3.2569396e+000  3.1000000e+000
  9.3974868e+000  3.1542178e+000  3.1000000e+000
  9.3968992e+000  3.0514960e+000  3.1000000e+000
  9.3963116e+000  2.9487742e+000  3.1000000e+000
  9.3957241e+000  2.8460524e+000  3.1000000e+000
  9.3951365e+000  2.7433306e+000  3.1000000e+000
  9.3169985e+000  2.6410455e+000  3.1000000e+000
  9.2388969e+000  2.5387769e+000  3.1000000e+000
  9.2383457e+000  2.4360716e+000  3.1000000e+000
  9.2377945e+000  2.3333663e+000  3.1000000e+000
  9.1597655e+000  2.2311306e+000  3.1000000e+000
  9.1592325e+000  2.1284336e+000  3.1000000e+000
  9.1586994e+000  2.0257365e+000  3.1000000e+000
  9.1581663e+000  1.9230395e+000  3.1000000e+000
  9.1576333e+000  1.8203424e+000  3.1000000e+000
  9.0797134e+000  1.7181563e+000  3.1000000e+000
  9.1576333e+000  1.8203424e+000  3.1000000e+000
  9.2344871e+000  1.7171344e+000  3.1000000e+000
  9.2339358e+000  1.6144291e+000  3.1000000e+000
  9.1560341e+000  1.5122512e+000  3.1000000e+000
  9.1555010e+000  1.4095541e+000  3.1000000e+000
  9.2333846e+000  1.5117238e+000  3.1000000e+000
  9.3101657e+000  1.4084828e+000  3.1000000e+000
  9.3095963e+000  1.3057692e+000  3.1000000e+000
  9.2317309e+000  1.2036078e+000  3.1000000e+000
  9.1539018e+000  1.1014629e+000  3.1000000e+000
  9.0766240e+000  1.1020234e+000  3.1000000e+000
  9.1533688e+000  9.9876588e-001  3.1000000e+000
  9.1528357e+000  8.9606881e-001  3.1000000e+000
  9.1523026e+000  7.9337175e-001  3.1000000e+000
  9.0745644e+000  6.9126809e-001  3.1000000e+000
