  8.4129800e+000  1.1065161e+001  1.8000000e+000
  8.3379320e+000  1.1260137e+001  1.8000000e+000
  8.3416340e+000  1.1457637e+001  1.8000000e+000
  8.3508880e+000  1.1951387e+001  1.8000000e+000
  8.2739410e+000  1.2047542e+001  1.8000000e+000
  8.2757870e+000  1.2146285e+001  1.8000000e+000
  8.1988240e+000  1.2242420e+001  1.8000000e+000
  8.1236890e+000  1.2437269e+001  1.8000000e+000
  8.1255250e+000  1.2535998e+001  1.8000000e+000
  8.1273610e+000  1.2634727e+001  1.8000000e+000
  8.0485340e+000  1.2632091e+001  1.8000000e+000
  7.9715330e+000  1.2728170e+001  1.8000000e+000
  8.3476570e+000  1.0791708e+001  1.9000000e+000
  8.3539400e+000  1.1092282e+001  1.9000000e+000
  8.3560340e+000  1.1192474e+001  1.9000000e+000
  8.3581280e+000  1.1292665e+001  1.9000000e+000
  8.2810720e+000  1.1390333e+001  1.9000000e+000
  8.2831570e+000  1.1490517e+001  1.9000000e+000
  8.3644120e+000  1.1593239e+001  1.9000000e+000
  8.2852430e+000  1.1590701e+001  1.9000000e+000
  8.2081530e+000  1.1688339e+001  1.9000000e+000
  8.2894150e+000  1.1791069e+001  1.9000000e+000
  8.2123070e+000  1.1888692e+001  1.9000000e+000
  8.2935870e+000  1.1991437e+001  1.9000000e+000
  8.2164620e+000  1.2089045e+001  1.9000000e+000
  8.1372510e+000  1.2086469e+001  1.9000000e+000
  8.0601010e+000  1.2184055e+001  1.9000000e+000
  8.0621620e+000  1.2284216e+001  1.9000000e+000
  8.0642220e+000  1.2384378e+001  1.9000000e+000
  8.0662820e+000  1.2484539e+001  1.9000000e+000
  7.9890890e+000  1.2582087e+001  1.9000000e+000
  7.9911410e+000  1.2682241e+001  1.9000000e+000
  7.9931930e+000  1.2782395e+001  1.9000000e+000
  7.9952450e+000  1.2882549e+001  1.9000000e+000
  7.9972970e+000  1.2982703e+001  1.9000000e+000
  8.5630390e+000  1.0609484e+001  2.0000000e+000
  8.6403420e+000  1.0513080e+001  2.0000000e+000
  8.6391180e+000  1.0413712e+001  2.0000000e+000
  8.7176130e+000  1.0416671e+001  2.0000000e+000
  8.7188530e+000  1.0516042e+001  2.0000000e+000
  8.6415660e+000  1.0612448e+001  2.0000000e+000
  8.5630390e+000  1.0609484e+001  2.0000000e+000
  8.4868980e+000  1.0805246e+001  2.0000000e+000
  8.4892830e+000  1.1003973e+001  2.0000000e+000
  8.4904760e+000  1.1103337e+001  2.0000000e+000
  8.4130470e+000  1.1199722e+001  2.0000000e+000
  8.3355880e+000  1.1296103e+001  2.0000000e+000
  8.4154010e+000  1.1398444e+001  2.0000000e+000
  8.4940540e+000  1.1401427e+001  2.0000000e+000
  8.4154010e+000  1.1398444e+001  2.0000000e+000
  8.3367490e+000  1.1395462e+001  2.0000000e+000
  8.2592420e+000  1.1491836e+001  2.0000000e+000
  8.3390710e+000  1.1594179e+001  2.0000000e+000
  8.4177550e+000  1.1597167e+001  2.0000000e+000
  8.3402320e+000  1.1693538e+001  2.0000000e+000
  8.3413930e+000  1.1792897e+001  2.0000000e+000
  8.2638240e+000  1.1889261e+001  2.0000000e+000
  8.2661140e+000  1.2087974e+001  2.0000000e+000
  8.1884820e+000  1.2184330e+001  2.0000000e+000
  8.1108170e+000  1.2280681e+001  2.0000000e+000
  8.1119310e+000  1.2380032e+001  2.0000000e+000
  8.1130450e+000  1.2479384e+001  2.0000000e+000
  8.1141590e+000  1.2578736e+001  2.0000000e+000
  8.1152730e+000  1.2678088e+001  2.0000000e+000
  8.1163870e+000  1.2777440e+001  2.0000000e+000
  8.1489280e+000  1.0901947e+001  2.1000000e+000
  8.1493290e+000  1.1000466e+001  2.1000000e+000
  8.1501320e+000  1.1197505e+001  2.1000000e+000
  8.0715520e+000  1.1296261e+001  2.1000000e+000
  8.0719420e+000  1.1394771e+001  2.1000000e+000
  8.0723330e+000  1.1493282e+001  2.1000000e+000
  8.0727240e+000  1.1591793e+001  2.1000000e+000
  7.9940890e+000  1.1690507e+001  2.1000000e+000
  7.9944690e+000  1.1789009e+001  2.1000000e+000
  7.9948490e+000  1.1887511e+001  2.1000000e+000
  7.9161720e+000  1.1986191e+001  2.1000000e+000
  7.9165410e+000  1.2084685e+001  2.1000000e+000
  7.8378310e+000  1.2183340e+001  2.1000000e+000
  7.8381890e+000  1.2281825e+001  2.1000000e+000
  7.8385470e+000  1.2380311e+001  2.1000000e+000
  7.8389060e+000  1.2478796e+001  2.1000000e+000
  7.7601420e+000  1.2577409e+001  2.1000000e+000
  7.8396220e+000  1.2675767e+001  2.1000000e+000
  7.7608370e+000  1.2774363e+001  2.1000000e+000
  7.7611850e+000  1.2872840e+001  2.1000000e+000
  7.6823670e+000  1.2971410e+001  2.1000000e+000
  7.6035280e+000  1.3069963e+001  2.1000000e+000
  7.6830410e+000  1.3168347e+001  2.1000000e+000
  7.6833770e+000  1.3266815e+001  2.1000000e+000
  7.6837140e+000  1.3365284e+001  2.1000000e+000
  7.6840510e+000  1.3463752e+001  2.1000000e+000
  7.7636170e+000  1.3562178e+001  2.1000000e+000
  7.7639650e+000  1.3660655e+001  2.1000000e+000
  7.6850610e+000  1.3759158e+001  2.1000000e+000
  7.6061360e+000  1.3857644e+001  2.1000000e+000
  7.6058100e+000  1.3759184e+001  2.1000000e+000
  7.5262440e+000  1.3660758e+001  2.1000000e+000
  7.4473080e+000  1.3759235e+001  2.1000000e+000
  7.3680560e+000  1.3759260e+001  2.1000000e+000
  7.2885220e+000  1.3660860e+001  2.1000000e+000
  7.2095540e+000  1.3759312e+001  2.1000000e+000
  7.2098260e+000  1.3857730e+001  2.1000000e+000
  7.2893710e+000  1.3956139e+001  2.1000000e+000
  7.2103700e+000  1.4054565e+001  2.1000000e+000
  7.2106420e+000  1.4152983e+001  2.1000000e+000
  7.1313480e+000  1.4152975e+001  2.1000000e+000
  7.0523040e+000  1.4251368e+001  2.1000000e+000
  7.0525550e+000  1.4349769e+001  2.1000000e+000
  7.1321320e+000  1.4448203e+001  2.1000000e+000
  7.0530560e+000  1.4546571e+001  2.1000000e+000
  7.0533060e+000  1.4644972e+001  2.1000000e+000
  6.9741980e+000  1.4743314e+001  2.1000000e+000
  6.8950680e+000  1.4841639e+001  2.1000000e+000
  6.8952970e+000  1.4940023e+001  2.1000000e+000
  6.8955260e+000  1.5038407e+001  2.1000000e+000
  6.8163530e+000  1.5136698e+001  2.1000000e+000
  6.8165710e+000  1.5235074e+001  2.1000000e+000
  6.8167890e+000  1.5333450e+001  2.1000000e+000
  6.7375730e+000  1.5431707e+001  2.1000000e+000
  6.7377810e+000  1.5530075e+001  2.1000000e+000
  6.7379880e+000  1.5628442e+001  2.1000000e+000
  6.6587290e+000  1.5726666e+001  2.1000000e+000
  6.6589250e+000  1.5825024e+001  2.1000000e+000
  6.5796340e+000  1.5923223e+001  2.1000000e+000
  6.5798200e+000  1.6021573e+001  2.1000000e+000
  6.5004960e+000  1.6119746e+001  2.1000000e+000
  6.5006710e+000  1.6218088e+001  2.1000000e+000
  6.6583350e+000  1.5529948e+001  2.1000000e+000
  8.4043530e+000  1.0354067e+001  2.2000000e+000
  8.3266180e+000  1.0452580e+001  2.2000000e+000
  8.3277750e+000  1.0551759e+001  2.2000000e+000
  8.3289320e+000  1.0650939e+001  2.2000000e+000
  8.2511500e+000  1.0749432e+001  2.2000000e+000
  8.2522940e+000  1.0848606e+001  2.2000000e+000
  8.1744760e+000  1.0947084e+001  2.2000000e+000
  8.1756090e+000  1.1046254e+001  2.2000000e+000
  8.1767420e+000  1.1145423e+001  2.2000000e+000
  8.0988770e+000  1.1243881e+001  2.2000000e+000
  8.1790080e+000  1.1343762e+001  2.2000000e+000
  8.1801410e+000  1.1442932e+001  2.2000000e+000
  8.1812740e+000  1.1542101e+001  2.2000000e+000
  8.1033610e+000  1.1640539e+001  2.2000000e+000
  8.1044820e+000  1.1739704e+001  2.2000000e+000
  8.0265340e+000  1.1838126e+001  2.2000000e+000
  8.0276430e+000  1.1937286e+001  2.2000000e+000
  8.0287520e+000  1.2036445e+001  2.2000000e+000
  8.0298610e+000  1.2135605e+001  2.2000000e+000
  7.9518530e+000  1.2234002e+001  2.2000000e+000
  7.9529510e+000  1.2333157e+001  2.2000000e+000
  7.9540480e+000  1.2432311e+001  2.2000000e+000
  7.9551450e+000  1.2531466e+001  2.2000000e+000
  7.9562430e+000  1.2630620e+001  2.2000000e+000
  7.9573400e+000  1.2729775e+001  2.2000000e+000
  7.9584370e+000  1.2828929e+001  2.2000000e+000
  7.9595350e+000  1.2928084e+001  2.2000000e+000
  7.8792490e+000  1.2828137e+001  2.2000000e+000
  7.8011340e+000  1.2926490e+001  2.2000000e+000
  7.7229950e+000  1.3024832e+001  2.2000000e+000
  7.8032810e+000  1.3124779e+001  2.2000000e+000
  7.8835910e+000  1.3224735e+001  2.2000000e+000
  7.9617300e+000  1.3126393e+001  2.2000000e+000
  7.8835910e+000  1.3224735e+001  2.2000000e+000
  7.8043550e+000  1.3223923e+001  2.2000000e+000
  7.7261810e+000  1.3322251e+001  2.2000000e+000
  7.7272420e+000  1.3421390e+001  2.2000000e+000
  7.7283040e+000  1.3520529e+001  2.2000000e+000
  7.6490320e+000  1.3519702e+001  2.2000000e+000
  7.5707990e+000  1.3618005e+001  2.2000000e+000
  7.4925410e+000  1.3716297e+001  2.2000000e+000
  7.4935670e+000  1.3815421e+001  2.2000000e+000
  7.4945930e+000  1.3914545e+001  2.2000000e+000
  7.4956200e+000  1.4013670e+001  2.2000000e+000
  7.4173030e+000  1.4111937e+001  2.2000000e+000
  7.3389620e+000  1.4210194e+001  2.2000000e+000
  7.2605980e+000  1.4308441e+001  2.2000000e+000
  7.2615880e+000  1.4407551e+001  2.2000000e+000
  7.3419690e+000  1.4507537e+001  2.2000000e+000
  7.2635690e+000  1.4605769e+001  2.2000000e+000
  7.2645600e+000  1.4704879e+001  2.2000000e+000
  7.1861240e+000  1.4803096e+001  2.2000000e+000
  7.1871030e+000  1.4902200e+001  2.2000000e+000
  7.1066980e+000  1.4802203e+001  2.2000000e+000
  7.0282270e+000  1.4900405e+001  2.2000000e+000
  7.0291820e+000  1.4999499e+001  2.2000000e+000
  7.0301370e+000  1.5098594e+001  2.2000000e+000
  7.0310910e+000  1.5197688e+001  2.2000000e+000
  6.9525610e+000  1.5295865e+001  2.2000000e+000
  6.9535040e+000  1.5394954e+001  2.2000000e+000
  6.8749370e+000  1.5493116e+001  2.2000000e+000
  6.8758690e+000  1.5592200e+001  2.2000000e+000
  6.7972670e+000  1.5690347e+001  2.2000000e+000
  6.7981860e+000  1.5789426e+001  2.2000000e+000
  6.7991050e+000  1.5888505e+001  2.2000000e+000
  6.7204560e+000  1.5986632e+001  2.2000000e+000
  6.7213630e+000  1.6085706e+001  2.2000000e+000
  6.6426780e+000  1.6183818e+001  2.2000000e+000
  6.6435730e+000  1.6282887e+001  2.2000000e+000
  6.6444690e+000  1.6381956e+001  2.2000000e+000
  6.6426780e+000  1.6183818e+001  2.2000000e+000
  8.1124140e+000  1.0369813e+001  2.3000000e+000
  8.1143390e+000  1.0469618e+001  2.3000000e+000
  8.0391090e+000  1.0668188e+001  2.3000000e+000
  8.0410220e+000  1.0767992e+001  2.3000000e+000
  7.9638340e+000  1.0866755e+001  2.3000000e+000
  7.9657360e+000  1.0966558e+001  2.3000000e+000
  7.9676380e+000  1.1066361e+001  2.3000000e+000
  7.9695400e+000  1.1166164e+001  2.3000000e+000
  7.8904060e+000  1.1165120e+001  2.3000000e+000
  7.8131520e+000  1.1263877e+001  2.3000000e+000
  7.8941880e+000  1.1364724e+001  2.3000000e+000
  7.9733450e+000  1.1365769e+001  2.3000000e+000
  7.9752470e+000  1.1465572e+001  2.3000000e+000
  7.8960790e+000  1.1464526e+001  2.3000000e+000
  7.8187920e+000  1.1563280e+001  2.3000000e+000
  7.8998620e+000  1.1664130e+001  2.3000000e+000
  7.8225520e+000  1.1762882e+001  2.3000000e+000
  7.9036440e+000  1.1863734e+001  2.3000000e+000
  7.8244320e+000  1.1862683e+001  2.3000000e+000
  7.7470890e+000  1.1961433e+001  2.3000000e+000
  7.8281920e+000  1.2062285e+001  2.3000000e+000
  7.7508260e+000  1.2161033e+001  2.3000000e+000
  7.7526950e+000  1.2260833e+001  2.3000000e+000
  7.6752970e+000  1.2359578e+001  2.3000000e+000
  7.6771550e+000  1.2459377e+001  2.3000000e+000
  7.6790120e+000  1.2559176e+001  2.3000000e+000
  7.7601710e+000  1.2660034e+001  2.3000000e+000
  7.6808700e+000  1.2658976e+001  2.3000000e+000
  7.6015700e+000  1.2657918e+001  2.3000000e+000
  7.5241050e+000  1.2756657e+001  2.3000000e+000
  7.5259400e+000  1.2856454e+001  2.3000000e+000
  7.4484420e+000  1.2955191e+001  2.3000000e+000
  7.5296110e+000  1.3056049e+001  2.3000000e+000
  7.6108030e+000  1.3156909e+001  2.3000000e+000
  7.5296110e+000  1.3056049e+001  2.3000000e+000
  7.4520910e+000  1.3154784e+001  2.3000000e+000
  7.4539160e+000  1.3254580e+001  2.3000000e+000
  7.5351180e+000  1.3355441e+001  2.3000000e+000
  7.6144960e+000  1.3356505e+001  2.3000000e+000
  7.5369540e+000  1.3455238e+001  2.3000000e+000
  7.6181900e+000  1.3556102e+001  2.3000000e+000
  7.5369540e+000  1.3455238e+001  2.3000000e+000
  7.4557400e+000  1.3354376e+001  2.3000000e+000
  7.3781750e+000  1.3453107e+001  2.3000000e+000
  7.3799890e+000  1.3552903e+001  2.3000000e+000
  7.3023910e+000  1.3651631e+001  2.3000000e+000
  7.3041930e+000  1.3751425e+001  2.3000000e+000
  7.3059950e+000  1.3851220e+001  2.3000000e+000
  7.2247710e+000  1.3750357e+001  2.3000000e+000
  7.1471280e+000  1.3849082e+001  2.3000000e+000
  7.1489080e+000  1.3948874e+001  2.3000000e+000
  7.2301440e+000  1.4049738e+001  2.3000000e+000
  7.1524690e+000  1.4148459e+001  2.3000000e+000
  7.1542490e+000  1.4248252e+001  2.3000000e+000
  7.0765400e+000  1.4346971e+001  2.3000000e+000
  7.1578090e+000  1.4447837e+001  2.3000000e+000
  7.0800780e+000  1.4546554e+001  2.3000000e+000
  7.0005670e+000  1.4545478e+001  2.3000000e+000
  6.9228020e+000  1.4644193e+001  2.3000000e+000
  6.9245490e+000  1.4743982e+001  2.3000000e+000
  6.9262960e+000  1.4843772e+001  2.3000000e+000
  6.9280430e+000  1.4943562e+001  2.3000000e+000
  6.8502230e+000  1.5042271e+001  2.3000000e+000
  6.8519590e+000  1.5142060e+001  2.3000000e+000
  6.7741060e+000  1.5240767e+001  2.3000000e+000
  6.7758300e+000  1.5340555e+001  2.3000000e+000
  6.7775550e+000  1.5440343e+001  2.3000000e+000
  6.6996580e+000  1.5539045e+001  2.3000000e+000
  6.6217380e+000  1.5637746e+001  2.3000000e+000
  6.6234400e+000  1.5737532e+001  2.3000000e+000
  6.6251430e+000  1.5837319e+001  2.3000000e+000
  6.5471790e+000  1.5936016e+001  2.3000000e+000
  6.4691930e+000  1.6034711e+001  2.3000000e+000
  6.4708730e+000  1.6134495e+001  2.3000000e+000
  6.3928540e+000  1.6233188e+001  2.3000000e+000
  8.2451110e+000  1.0238360e+001  2.4000000e+000
  8.3242210e+000  1.0340892e+001  2.4000000e+000
  8.2457860e+000  1.0443561e+001  2.4000000e+000
  8.2461230e+000  1.0546161e+001  2.4000000e+000
  8.1676550e+000  1.0648831e+001  2.4000000e+000
  8.1679820e+000  1.0751432e+001  2.4000000e+000
  8.1683080e+000  1.0854032e+001  2.4000000e+000
  8.0897980e+000  1.0956703e+001  2.4000000e+000
  8.0901140e+000  1.1059305e+001  2.4000000e+000
  8.0904300e+000  1.1161906e+001  2.4000000e+000
  8.0118770e+000  1.1264578e+001  2.4000000e+000
  8.0121820e+000  1.1367180e+001  2.4000000e+000
  8.0124870e+000  1.1469782e+001  2.4000000e+000
  8.0916940e+000  1.1572311e+001  2.4000000e+000
  8.0920100e+000  1.1674912e+001  2.4000000e+000
  8.0134030e+000  1.1777586e+001  2.4000000e+000
  7.9347750e+000  1.1880261e+001  2.4000000e+000
  7.9350700e+000  1.1982863e+001  2.4000000e+000
  7.9353650e+000  1.2085465e+001  2.4000000e+000
  7.8566940e+000  1.2188142e+001  2.4000000e+000
  7.8569780e+000  1.2290744e+001  2.4000000e+000
  7.8572620e+000  1.2393347e+001  2.4000000e+000
  7.8575460e+000  1.2495949e+001  2.4000000e+000
  7.8583980e+000  1.2803756e+001  2.4000000e+000
  7.7796420e+000  1.2906436e+001  2.4000000e+000
  7.7796420e+000  1.2906436e+001  2.4000000e+000
  7.7008650e+000  1.3009116e+001  2.4000000e+000
  7.6220660e+000  1.3111798e+001  2.4000000e+000
  7.6228220e+000  1.3419608e+001  2.4000000e+000
  7.5439700e+000  1.3522291e+001  2.4000000e+000
  7.6233260e+000  1.3624815e+001  2.4000000e+000
  7.5439700e+000  1.3522291e+001  2.4000000e+000
  7.4648660e+000  1.3522371e+001  2.4000000e+000
  7.3859820e+000  1.3625055e+001  2.4000000e+000
  7.4653270e+000  1.3727579e+001  2.4000000e+000
  7.4655580e+000  1.3830184e+001  2.4000000e+000
  7.3866420e+000  1.3932869e+001  2.4000000e+000
  7.3077040e+000  1.4035555e+001  2.4000000e+000
  7.3870810e+000  1.4138078e+001  2.4000000e+000
  7.3079130e+000  1.4138160e+001  2.4000000e+000
  7.2289440e+000  1.4240848e+001  2.4000000e+000
  7.3083320e+000  1.4343370e+001  2.4000000e+000
  7.2291430e+000  1.4343453e+001  2.4000000e+000
  7.1501410e+000  1.4446142e+001  2.4000000e+000
  7.1503290e+000  1.4548747e+001  2.4000000e+000
  7.0712950e+000  1.4651437e+001  2.4000000e+000
  7.0714730e+000  1.4754043e+001  2.4000000e+000
  6.9924070e+000  1.4856734e+001  2.4000000e+000
  6.9925740e+000  1.4959340e+001  2.4000000e+000
  6.9134760e+000  1.5062032e+001  2.4000000e+000
  6.9136320e+000  1.5164639e+001  2.4000000e+000
  6.9137880e+000  1.5267246e+001  2.4000000e+000
  6.8346480e+000  1.5369939e+001  2.4000000e+000
  6.8347930e+000  1.5472547e+001  2.4000000e+000
  6.7556210e+000  1.5575241e+001  2.4000000e+000
  6.7557550e+000  1.5677849e+001  2.4000000e+000
  6.6764270e+000  1.5677937e+001  2.4000000e+000
  6.5972120e+000  1.5780633e+001  2.4000000e+000
  6.6766750e+000  1.5883153e+001  2.4000000e+000
  6.5973250e+000  1.5883241e+001  2.4000000e+000
  6.5180780e+000  1.5985938e+001  2.4000000e+000
  6.5975520e+000  1.6088458e+001  2.4000000e+000
  6.5182830e+000  1.6191156e+001  2.4000000e+000
  6.4389940e+000  1.6293854e+001  2.4000000e+000
  8.2982930e+000  9.2892510e+000  2.5000000e+000
  8.2975820e+000  9.4908010e+000  2.5000000e+000
  8.2182640e+000  9.5915050e+000  2.5000000e+000
  8.2178970e+000  9.6922710e+000  2.5000000e+000
  8.2965150e+000  9.7931260e+000  2.5000000e+000
  8.2171630e+000  9.8938030e+000  2.5000000e+000
  8.1377880e+000  9.9944620e+000  2.5000000e+000
  8.1374100e+000  1.0095219e+001  2.5000000e+000
  8.1370320e+000  1.0195976e+001  2.5000000e+000
  8.0576120e+000  1.0296600e+001  2.5000000e+000
  8.0572220e+000  1.0397348e+001  2.5000000e+000
  8.0568330e+000  1.0498095e+001  2.5000000e+000
  8.0564430e+000  1.0598843e+001  2.5000000e+000
  8.0560530e+000  1.0699591e+001  2.5000000e+000
  8.0556630e+000  1.0800339e+001  2.5000000e+000
  7.9761640e+000  1.0900899e+001  2.5000000e+000
  7.9757630e+000  1.1001638e+001  2.5000000e+000
  7.9753620e+000  1.1102377e+001  2.5000000e+000
  7.8958180e+000  1.1202901e+001  2.5000000e+000
  7.8954050e+000  1.1303631e+001  2.5000000e+000
  7.8949930e+000  1.1404361e+001  2.5000000e+000
  7.8154030e+000  1.1504849e+001  2.5000000e+000
  7.8149800e+000  1.1605570e+001  2.5000000e+000
  7.7353560e+000  1.1706031e+001  2.5000000e+000
  7.8141320e+000  1.1807011e+001  2.5000000e+000
  7.7344860e+000  1.1907454e+001  2.5000000e+000
  7.6548170e+000  1.2007879e+001  2.5000000e+000
  7.6543700e+000  1.2108582e+001  2.5000000e+000
  7.6539240e+000  1.2209285e+001  2.5000000e+000
  7.5742100e+000  1.2309674e+001  2.5000000e+000
  7.4944730e+000  1.2410045e+001  2.5000000e+000
  7.4940040e+000  1.2510729e+001  2.5000000e+000
  7.4147130e+000  1.2510397e+001  2.5000000e+000
  7.3349310e+000  1.2610732e+001  2.5000000e+000
  7.3344390e+000  1.2711399e+001  2.5000000e+000
  7.3339480e+000  1.2812066e+001  2.5000000e+000
  7.2541200e+000  1.2912364e+001  2.5000000e+000
  7.2536170e+000  1.3013022e+001  2.5000000e+000
  7.3324730e+000  1.3114066e+001  2.5000000e+000
  7.3319810e+000  1.3214733e+001  2.5000000e+000
  7.3314890e+000  1.3315399e+001  2.5000000e+000
  7.3309980e+000  1.3416066e+001  2.5000000e+000
  7.2521080e+000  1.3314995e+001  2.5000000e+000
  7.1722120e+000  1.3415240e+001  2.5000000e+000
  7.1716980e+000  1.3515888e+001  2.5000000e+000
  7.1711840e+000  1.3616537e+001  2.5000000e+000
  7.2500960e+000  1.3717626e+001  2.5000000e+000
  7.1701550e+000  1.3817834e+001  2.5000000e+000
  7.1696410e+000  1.3918483e+001  2.5000000e+000
  7.1691270e+000  1.4019132e+001  2.5000000e+000
  7.0891400e+000  1.4119304e+001  2.5000000e+000
  7.1680980e+000  1.4220429e+001  2.5000000e+000
  7.0886150e+000  1.4219944e+001  2.5000000e+000
  7.0085950e+000  1.4320089e+001  2.5000000e+000
  7.0875630e+000  1.4421223e+001  2.5000000e+000
  7.0870380e+000  1.4521863e+001  2.5000000e+000
  7.0069830e+000  1.4621981e+001  2.5000000e+000
  6.9269070e+000  1.4722081e+001  2.5000000e+000
  6.9263580e+000  1.4822703e+001  2.5000000e+000
  6.9258100e+000  1.4923325e+001  2.5000000e+000
  6.8456880e+000  1.5023389e+001  2.5000000e+000
  6.8451280e+000  1.5124001e+001  2.5000000e+000
  8.3913220e+000  1.0024844e+001  2.6000000e+000
  8.3928560e+000  1.0124072e+001  2.6000000e+000
  8.3163290e+000  1.0221896e+001  2.6000000e+000
  8.3178520e+000  1.0321120e+001  2.6000000e+000
  8.2412920e+000  1.0418935e+001  2.6000000e+000
  8.2428040e+000  1.0518156e+001  2.6000000e+000
  8.2443160e+000  1.0617377e+001  2.6000000e+000
  8.1677130e+000  1.0715179e+001  2.6000000e+000
  8.1692140e+000  1.0814397e+001  2.6000000e+000
  8.1707150e+000  1.0913615e+001  2.6000000e+000
  8.1722170e+000  1.1012832e+001  2.6000000e+000
  8.0955590e+000  1.1110619e+001  2.6000000e+000
  8.0970500e+000  1.1209834e+001  2.6000000e+000
  8.0985400e+000  1.1309048e+001  2.6000000e+000
  8.1000300e+000  1.1408263e+001  2.6000000e+000
  8.1015210e+000  1.1507477e+001  2.6000000e+000
  8.1812240e+000  1.1608139e+001  2.6000000e+000
  8.1015210e+000  1.1507477e+001  2.6000000e+000
  8.0247980e+000  1.1605245e+001  2.6000000e+000
  7.9480540e+000  1.1703006e+001  2.6000000e+000
  7.9495220e+000  1.1802214e+001  2.6000000e+000
  7.8712880e+000  1.1800761e+001  2.6000000e+000
  7.7945000e+000  1.1898510e+001  2.6000000e+000
  7.8742030e+000  1.1999171e+001  2.6000000e+000
  7.8756610e+000  1.2098376e+001  2.6000000e+000
  7.7988410e+000  1.2196115e+001  2.6000000e+000
  7.7219990e+000  1.2293848e+001  2.6000000e+000
  7.7234350e+000  1.2393047e+001  2.6000000e+000
  7.7248710e+000  1.2492246e+001  2.6000000e+000
  7.7263070e+000  1.2591444e+001  2.6000000e+000
  7.8060750e+000  1.2692125e+001  2.6000000e+000
  7.8829500e+000  1.2594402e+001  2.6000000e+000
  7.8814920e+000  1.2495197e+001  2.6000000e+000
  7.8800340e+000  1.2395991e+001  2.6000000e+000
  7.9598030e+000  1.2496672e+001  2.6000000e+000
  7.8829500e+000  1.2594402e+001  2.6000000e+000
  7.8060750e+000  1.2692125e+001  2.6000000e+000
  7.8075220e+000  1.2791327e+001  2.6000000e+000
  7.8089690e+000  1.2890529e+001  2.6000000e+000
  7.7306150e+000  1.2889041e+001  2.6000000e+000
  7.6536860e+000  1.2986748e+001  2.6000000e+000
  7.6551110e+000  1.3085944e+001  2.6000000e+000
  7.6565360e+000  1.3185139e+001  2.6000000e+000
  7.6579620e+000  1.3284335e+001  2.6000000e+000
  7.5809780e+000  1.3382026e+001  2.6000000e+000
  7.5823930e+000  1.3481219e+001  2.6000000e+000
  7.5838070e+000  1.3580411e+001  2.6000000e+000
  7.5852210e+000  1.3679604e+001  2.6000000e+000
  7.5081840e+000  1.3777280e+001  2.6000000e+000
  7.5095870e+000  1.3876469e+001  2.6000000e+000
  7.5109910e+000  1.3975658e+001  2.6000000e+000
  7.4339100e+000  1.4073321e+001  2.6000000e+000
  7.3568070e+000  1.4170978e+001  2.6000000e+000
  7.2796830e+000  1.4268629e+001  2.6000000e+000
  7.3595710e+000  1.4369344e+001  2.6000000e+000
  7.2824240e+000  1.4466988e+001  2.6000000e+000
  7.2052570e+000  1.4564626e+001  2.6000000e+000
  7.2066170e+000  1.4663803e+001  2.6000000e+000
  7.1294160e+000  1.4761431e+001  2.6000000e+000
  7.1307650e+000  1.4860604e+001  2.6000000e+000
  7.0535320e+000  1.4958223e+001  2.6000000e+000
  7.1334640e+000  1.5058951e+001  2.6000000e+000
  7.2134170e+000  1.5159686e+001  2.6000000e+000
  7.1334640e+000  1.5058951e+001  2.6000000e+000
  7.0562090e+000  1.5156564e+001  2.6000000e+000
  7.0575470e+000  1.5255734e+001  2.6000000e+000
  7.1375110e+000  1.5356471e+001  2.6000000e+000
  7.0602240e+000  1.5454075e+001  2.6000000e+000
  7.0615620e+000  1.5553245e+001  2.6000000e+000
  7.1415580e+000  1.5653992e+001  2.6000000e+000
  7.0629000e+000  1.5652415e+001  2.6000000e+000
  8.3308140e+000  9.8129390e+000  2.7000000e+000
  8.4083660e+000  9.7098240e+000  2.7000000e+000
  8.3308140e+000  9.8129390e+000  2.7000000e+000
  8.2546020e+000  1.0018773e+001  2.7000000e+000
  8.3349140e+000  1.0121097e+001  2.7000000e+000
  8.2573180e+000  1.0224211e+001  2.7000000e+000
  8.2586750e+000  1.0326930e+001  2.7000000e+000
  8.1810520e+000  1.0430044e+001  2.7000000e+000
  8.1824000e+000  1.0532762e+001  2.7000000e+000
  8.1047500e+000  1.0635876e+001  2.7000000e+000
  8.0270810e+000  1.0738988e+001  2.7000000e+000
  8.1074290e+000  1.0841313e+001  2.7000000e+000
  8.1087680e+000  1.0944031e+001  2.7000000e+000
  8.1101080e+000  1.1046750e+001  2.7000000e+000
  8.0310730e+000  1.1047144e+001  2.7000000e+000
  7.9533590e+000  1.1150255e+001  2.7000000e+000
  8.0337340e+000  1.1252580e+001  2.7000000e+000
  8.1127870e+000  1.1252187e+001  2.7000000e+000
  8.0350640e+000  1.1355299e+001  2.7000000e+000
  7.9573240e+000  1.1458410e+001  2.7000000e+000
  8.0377260e+000  1.1560735e+001  2.7000000e+000
  8.1168060e+000  1.1560343e+001  2.7000000e+000
  8.0377260e+000  1.1560735e+001  2.7000000e+000
  7.9599670e+000  1.1663846e+001  2.7000000e+000
  7.9612880e+000  1.1766564e+001  2.7000000e+000
  7.8821900e+000  1.1766957e+001  2.7000000e+000
  7.8030910e+000  1.1767349e+001  2.7000000e+000
  7.7252870e+000  1.1870459e+001  2.7000000e+000
  7.8056980e+000  1.1972785e+001  2.7000000e+000
  7.7278760e+000  1.2075895e+001  2.7000000e+000
  7.7291710e+000  1.2178612e+001  2.7000000e+000
  7.8096090e+000  1.2280938e+001  2.7000000e+000
  7.8887530e+000  1.2280547e+001  2.7000000e+000
  7.8109130e+000  1.2383656e+001  2.7000000e+000
  7.8096090e+000  1.2280938e+001  2.7000000e+000
  7.7291710e+000  1.2178612e+001  2.7000000e+000
  7.6513220e+000  1.2281721e+001  2.7000000e+000
  7.6526080e+000  1.2384439e+001  2.7000000e+000
  7.5747310e+000  1.2487547e+001  2.7000000e+000
  7.6551780e+000  1.2589874e+001  2.7000000e+000
  7.6564640e+000  1.2692591e+001  2.7000000e+000
  7.6577500e+000  1.2795309e+001  2.7000000e+000
  7.6590350e+000  1.2898026e+001  2.7000000e+000
  7.6603210e+000  1.3000743e+001  2.7000000e+000
  7.5823900e+000  1.3103851e+001  2.7000000e+000
  7.5836670e+000  1.3206568e+001  2.7000000e+000
  7.6641770e+000  1.3308896e+001  2.7000000e+000
  7.6654630e+000  1.3411613e+001  2.7000000e+000
  7.5874970e+000  1.3514720e+001  2.7000000e+000
  7.5887730e+000  1.3617437e+001  2.7000000e+000
  7.5095120e+000  1.3617826e+001  2.7000000e+000
  7.4315100e+000  1.3720932e+001  2.7000000e+000
  7.4327680e+000  1.3823649e+001  2.7000000e+000
  7.5133150e+000  1.3925977e+001  2.7000000e+000
  7.4352850e+000  1.4029083e+001  2.7000000e+000
  7.3572380e+000  1.4132188e+001  2.7000000e+000
  7.3584870e+000  1.4234904e+001  2.7000000e+000
  7.3597370e+000  1.4337621e+001  2.7000000e+000
  7.2804130e+000  1.4338009e+001  2.7000000e+000
  7.2023210e+000  1.4441113e+001  2.7000000e+000
  7.2828940e+000  1.4543442e+001  2.7000000e+000
  7.2035520e+000  1.4543829e+001  2.7000000e+000
  7.1254330e+000  1.4646933e+001  2.7000000e+000
  7.0472950e+000  1.4750036e+001  2.7000000e+000
  7.0485090e+000  1.4852752e+001  2.7000000e+000
  7.1291000e+000  1.4955081e+001  2.7000000e+000
  7.0497220e+000  1.4955468e+001  2.7000000e+000
  6.9715480e+000  1.5058570e+001  2.7000000e+000
  7.0521490e+000  1.5160900e+001  2.7000000e+000
  7.0533620e+000  1.5263615e+001  2.7000000e+000
  7.1339900e+000  1.5365946e+001  2.7000000e+000
  7.1352120e+000  1.5468662e+001  2.7000000e+000
  7.1364340e+000  1.5571378e+001  2.7000000e+000
  7.0582160e+000  1.5674479e+001  2.7000000e+000
  6.9775700e+000  1.5572149e+001  2.7000000e+000
  6.8993340e+000  1.5675250e+001  2.7000000e+000
  6.9005290e+000  1.5777965e+001  2.7000000e+000
  6.9017240e+000  1.5880681e+001  2.7000000e+000
  6.9029200e+000  1.5983397e+001  2.7000000e+000
  8.1333300e+000  1.0172063e+001  2.8000000e+000
  8.1357320e+000  1.0271898e+001  2.8000000e+000
  8.0590690e+000  1.0370210e+001  2.8000000e+000
  7.9823800e+000  1.0468503e+001  2.8000000e+000
  7.9847560e+000  1.0568319e+001  2.8000000e+000
  7.9871330e+000  1.0668135e+001  2.8000000e+000
  7.9895100e+000  1.0767951e+001  2.8000000e+000
  7.9918880e+000  1.0867767e+001  2.8000000e+000
  7.9942650e+000  1.0967583e+001  2.8000000e+000
  7.9151210e+000  1.0966001e+001  2.8000000e+000
  7.8383290e+000  1.1064217e+001  2.8000000e+000
  7.8406800e+000  1.1164013e+001  2.8000000e+000
  7.8430310e+000  1.1263810e+001  2.8000000e+000
  7.7661870e+000  1.1361987e+001  2.8000000e+000
  7.7685260e+000  1.1461774e+001  2.8000000e+000
  7.7708640e+000  1.1561561e+001  2.8000000e+000
  7.8524360e+000  1.1662997e+001  2.8000000e+000
  7.7708640e+000  1.1561561e+001  2.8000000e+000
  7.6939690e+000  1.1659699e+001  2.8000000e+000
  7.6962940e+000  1.1759477e+001  2.8000000e+000
  7.7778790e+000  1.1860922e+001  2.8000000e+000
  7.6962940e+000  1.1759477e+001  2.8000000e+000
  7.6193600e+000  1.1857586e+001  2.8000000e+000
  7.6216730e+000  1.1957354e+001  2.8000000e+000
  7.5447000e+000  1.2055434e+001  2.8000000e+000
  7.5470000e+000  1.2155192e+001  2.8000000e+000
  7.5493000e+000  1.2254951e+001  2.8000000e+000
  7.6309230e+000  1.2356425e+001  2.8000000e+000
  7.5538990e+000  1.2454467e+001  2.8000000e+000
  7.6355490e+000  1.2555960e+001  2.8000000e+000
  7.6378610e+000  1.2655728e+001  2.8000000e+000
  7.6401740e+000  1.2755496e+001  2.8000000e+000
  7.6378610e+000  1.2655728e+001  2.8000000e+000
  7.6355490e+000  1.2555960e+001  2.8000000e+000
  7.5538990e+000  1.2454467e+001  2.8000000e+000
  7.4768490e+000  1.2552489e+001  2.8000000e+000
  7.4791360e+000  1.2652238e+001  2.8000000e+000
  7.4814230e+000  1.2751986e+001  2.8000000e+000
  7.4043220e+000  1.2849970e+001  2.8000000e+000
  7.4065960e+000  1.2949709e+001  2.8000000e+000
  7.4088700e+000  1.3049448e+001  2.8000000e+000
  7.4905710e+000  1.3150980e+001  2.8000000e+000
  7.4134180e+000  1.3248925e+001  2.8000000e+000
  7.4156920e+000  1.3348664e+001  2.8000000e+000
  7.3385000e+000  1.3446581e+001  2.8000000e+000
  7.3407610e+000  1.3546310e+001  2.8000000e+000
  7.4225140e+000  1.3647881e+001  2.8000000e+000
  7.4997180e+000  1.3549974e+001  2.8000000e+000
  7.4225140e+000  1.3647881e+001  2.8000000e+000
  7.4247880e+000  1.3747620e+001  2.8000000e+000
  7.3475450e+000  1.3845497e+001  2.8000000e+000
  7.3498060e+000  1.3945227e+001  2.8000000e+000
  7.2725240e+000  1.4043076e+001  2.8000000e+000
  7.3543280e+000  1.4144685e+001  2.8000000e+000
  7.2770200e+000  1.4242515e+001  2.8000000e+000
  7.1952160e+000  1.4140905e+001  2.8000000e+000
  7.1178830e+000  1.4238716e+001  2.8000000e+000
  7.0405240e+000  1.4336507e+001  2.8000000e+000
  7.0427340e+000  1.4436197e+001  2.8000000e+000
  7.1245510e+000  1.4537816e+001  2.8000000e+000
  7.2041580e+000  1.4539745e+001  2.8000000e+000
  7.1245510e+000  1.4537816e+001  2.8000000e+000
  7.0449440e+000  1.4535888e+001  2.8000000e+000
  6.9675330e+000  1.4633641e+001  2.8000000e+000
  7.0493630e+000  1.4735269e+001  2.8000000e+000
  7.1312180e+000  1.4836917e+001  2.8000000e+000
  7.0537820e+000  1.4934650e+001  2.8000000e+000
  6.9741230e+000  1.4932683e+001  2.8000000e+000
  6.8944650e+000  1.4930717e+001  2.8000000e+000
  6.8169770e+000  1.5028411e+001  2.8000000e+000
  6.8191480e+000  1.5128073e+001  2.8000000e+000
  6.9010160e+000  1.5229730e+001  2.8000000e+000
  6.9785170e+000  1.5132045e+001  2.8000000e+000
  7.0582010e+000  1.5134032e+001  2.8000000e+000
  7.0604110e+000  1.5233722e+001  2.8000000e+000
  6.9785170e+000  1.5132045e+001  2.8000000e+000
  6.9010160e+000  1.5229730e+001  2.8000000e+000
  6.9032000e+000  1.5329402e+001  2.8000000e+000
  6.9851070e+000  1.5431088e+001  2.8000000e+000
  7.0648300e+000  1.5433103e+001  2.8000000e+000
  7.0670400e+000  1.5532794e+001  2.8000000e+000
  7.0692490e+000  1.5632485e+001  2.8000000e+000
  6.9916970e+000  1.5730131e+001  2.8000000e+000
  6.9141190e+000  1.5827758e+001  2.8000000e+000
  6.8365160e+000  1.5925366e+001  2.8000000e+000
  6.8386870e+000  1.6025028e+001  2.8000000e+000
  6.7610440e+000  1.6122607e+001  2.8000000e+000
  6.7632030e+000  1.6222259e+001  2.8000000e+000
  6.8452000e+000  1.6324013e+001  2.8000000e+000
  6.7632030e+000  1.6222259e+001  2.8000000e+000
  6.6855220e+000  1.6319809e+001  2.8000000e+000
  6.6876670e+000  1.6419451e+001  2.8000000e+000
  6.7696770e+000  1.6521215e+001  2.8000000e+000
  6.7718350e+000  1.6620867e+001  2.8000000e+000
  6.7739930e+000  1.6720519e+001  2.8000000e+000
  6.7761510e+000  1.6820171e+001  2.8000000e+000
  6.7739930e+000  1.6720519e+001  2.8000000e+000
  6.6919570e+000  1.6618736e+001  2.8000000e+000
  6.6898120e+000  1.6519094e+001  2.8000000e+000
  8.1511080e+000  9.0062230e+000  2.9000000e+000
  8.1541880e+000  9.2041820e+000  2.9000000e+000
  8.1557280e+000  9.3031610e+000  2.9000000e+000
  8.0786660e+000  9.4014660e+000  2.9000000e+000
  8.0015930e+000  9.4997560e+000  2.9000000e+000
  8.0031220e+000  9.5987220e+000  2.9000000e+000
  8.0832690e+000  9.6983840e+000  2.9000000e+000
  8.1618860e+000  9.6990790e+000  2.9000000e+000
  8.0848030e+000  9.7973560e+000  2.9000000e+000
  8.0077080e+000  9.8956200e+000  2.9000000e+000
  8.0092370e+000  9.9945860e+000  2.9000000e+000
  8.0107660e+000  1.0093552e+001  2.9000000e+000
  8.0122950e+000  1.0192518e+001  2.9000000e+000
  7.9351730e+000  1.0290747e+001  2.9000000e+000
  7.9366960e+000  1.0389707e+001  2.9000000e+000
  7.9382200e+000  1.0488666e+001  2.9000000e+000
  7.8610760e+000  1.0586868e+001  2.9000000e+000
  7.8625940e+000  1.0685821e+001  2.9000000e+000
  7.7854350e+000  1.0784003e+001  2.9000000e+000
  7.7869470e+000  1.0882949e+001  2.9000000e+000
  7.7097710e+000  1.0981111e+001  2.9000000e+000
  7.6325840e+000  1.1079259e+001  2.9000000e+000
  7.6340860e+000  1.1178192e+001  2.9000000e+000
  7.6355870e+000  1.1277124e+001  2.9000000e+000
  7.5583780e+000  1.1375245e+001  2.9000000e+000
  7.5598750e+000  1.1474170e+001  2.9000000e+000
  7.5613710e+000  1.1573096e+001  2.9000000e+000
  7.5628670e+000  1.1672021e+001  2.9000000e+000
  7.5643630e+000  1.1770946e+001  2.9000000e+000
  7.4871220e+000  1.1869027e+001  2.9000000e+000
  7.4098700e+000  1.1967095e+001  2.9000000e+000
  7.4113550e+000  1.2066006e+001  2.9000000e+000
  7.4128400e+000  1.2164918e+001  2.9000000e+000
  7.4930850e+000  1.2264701e+001  2.9000000e+000
  7.4128400e+000  1.2164918e+001  2.9000000e+000
  7.3355660e+000  1.2262958e+001  2.9000000e+000
  7.3370460e+000  1.2361863e+001  2.9000000e+000
  7.4172960e+000  1.2461654e+001  2.9000000e+000
  7.4187810e+000  1.2560565e+001  2.9000000e+000
  7.4202670e+000  1.2659477e+001  2.9000000e+000
  7.3429660e+000  1.2757484e+001  2.9000000e+000
  7.3444460e+000  1.2856389e+001  2.9000000e+000
  7.3459250e+000  1.2955294e+001  2.9000000e+000
  7.2686030e+000  1.3053273e+001  2.9000000e+000
  7.1912690e+000  1.3151239e+001  2.9000000e+000
  7.1927380e+000  1.3250130e+001  2.9000000e+000
  7.1942070e+000  1.3349022e+001  2.9000000e+000
  7.1956760e+000  1.3447913e+001  2.9000000e+000
  7.1183150e+000  1.3545845e+001  2.9000000e+000
  7.1197780e+000  1.3644730e+001  2.9000000e+000
  7.1212420e+000  1.3743615e+001  2.9000000e+000
  7.0438590e+000  1.3841520e+001  2.9000000e+000
  7.1241690e+000  1.3941384e+001  2.9000000e+000
  7.0467750e+000  1.4039276e+001  2.9000000e+000
  7.0482330e+000  1.4138153e+001  2.9000000e+000
  6.9708230e+000  1.4236025e+001  2.9000000e+000
  6.8934020e+000  1.4333882e+001  2.9000000e+000
  8.1478640e+000  9.3524660e+000  3.0000000e+000
  8.0700850e+000  9.4505010e+000  3.0000000e+000
  8.1495610e+000  9.5504740e+000  3.0000000e+000
  8.1504100e+000  9.6494780e+000  3.0000000e+000
  8.1512580e+000  9.7484820e+000  3.0000000e+000
  8.0733990e+000  9.8464750e+000  3.0000000e+000
  8.0742270e+000  9.9454680e+000  3.0000000e+000
  8.0750550e+000  1.0044462e+001  3.0000000e+000
  7.9971150e+000  1.0142413e+001  3.0000000e+000
  7.9979230e+000  1.0241396e+001  3.0000000e+000
  7.9199220e+000  1.0339316e+001  3.0000000e+000
  7.9207090e+000  1.0438289e+001  3.0000000e+000
  7.8426470e+000  1.0536178e+001  3.0000000e+000
  7.8434150e+000  1.0635140e+001  3.0000000e+000
  7.8441820e+000  1.0734102e+001  3.0000000e+000
  7.7660390e+000  1.0831949e+001  3.0000000e+000
  7.6878550e+000  1.0929776e+001  3.0000000e+000
  7.6885820e+000  1.1028717e+001  3.0000000e+000
  7.6103380e+000  1.1126512e+001  3.0000000e+000
  7.6900370e+000  1.1226600e+001  3.0000000e+000
  7.6117520e+000  1.1324374e+001  3.0000000e+000
  7.6124580e+000  1.1423305e+001  3.0000000e+000
  7.5341130e+000  1.1521048e+001  3.0000000e+000
  7.6138720e+000  1.1621167e+001  3.0000000e+000
  7.5354860e+000  1.1718889e+001  3.0000000e+000
  7.5361720e+000  1.1817810e+001  3.0000000e+000
  7.5368590e+000  1.1916730e+001  3.0000000e+000
  7.4577250e+000  1.1915501e+001  3.0000000e+000
  7.3792380e+000  1.2013171e+001  3.0000000e+000
  7.3798840e+000  1.2112071e+001  3.0000000e+000
  7.3805300e+000  1.2210970e+001  3.0000000e+000
  7.3019610e+000  1.2308599e+001  3.0000000e+000
  7.3818220e+000  1.2408770e+001  3.0000000e+000
  7.3032130e+000  1.2506378e+001  3.0000000e+000
  7.3831140e+000  1.2606569e+001  3.0000000e+000
  7.3044640e+000  1.2704156e+001  3.0000000e+000
  7.3844060e+000  1.2804369e+001  3.0000000e+000
  7.3050900e+000  1.2803046e+001  3.0000000e+000
  7.2263800e+000  1.2900601e+001  3.0000000e+000
  7.2269850e+000  1.2999480e+001  3.0000000e+000
  7.2275910e+000  1.3098359e+001  3.0000000e+000
  7.2281960e+000  1.3197238e+001  3.0000000e+000
  7.3082190e+000  1.3297492e+001  3.0000000e+000
  7.2294070e+000  1.3394996e+001  3.0000000e+000
  7.3094710e+000  1.3495271e+001  3.0000000e+000
  7.2294070e+000  1.3394996e+001  3.0000000e+000
  7.1505550e+000  1.3492478e+001  3.0000000e+000
  7.1511410e+000  1.3591347e+001  3.0000000e+000
  7.0722280e+000  1.3688798e+001  3.0000000e+000
  7.1523110e+000  1.3789084e+001  3.0000000e+000
  7.2318300e+000  1.3790512e+001  3.0000000e+000
  7.3107220e+000  1.3693050e+001  3.0000000e+000
  7.2318300e+000  1.3790512e+001  3.0000000e+000
  7.2324350e+000  1.3889391e+001  3.0000000e+000
  7.1523110e+000  1.3789084e+001  3.0000000e+000
  7.0727930e+000  1.3787656e+001  3.0000000e+000
  6.9938190e+000  1.3885076e+001  3.0000000e+000
  7.0739230e+000  1.3985373e+001  3.0000000e+000
  7.0744880e+000  1.4084231e+001  3.0000000e+000
  7.1546520e+000  1.4184558e+001  3.0000000e+000
  7.1552370e+000  1.4283427e+001  3.0000000e+000
  7.0761830e+000  1.4380805e+001  3.0000000e+000
  7.0767480e+000  1.4479663e+001  3.0000000e+000
  6.9976320e+000  1.4577010e+001  3.0000000e+000
  7.0778780e+000  1.4677379e+001  3.0000000e+000
  7.0784430e+000  1.4776238e+001  3.0000000e+000
  6.9992660e+000  1.4873553e+001  3.0000000e+000
  6.9998110e+000  1.4972401e+001  3.0000000e+000
  7.0801380e+000  1.5072812e+001  3.0000000e+000
  7.0801380e+000  1.5072812e+001  3.0000000e+000
  8.3288350e+000  8.8031030e+000  3.1000000e+000
  8.3295010e+000  9.0083160e+000  3.1000000e+000
  8.3298350e+000  9.1109220e+000  3.1000000e+000
  8.2514550e+000  9.2134370e+000  3.1000000e+000
  8.2517700e+000  9.3160350e+000  3.1000000e+000
  8.2520850e+000  9.4186340e+000  3.1000000e+000
  8.1736320e+000  9.5211160e+000  3.1000000e+000
  8.1739290e+000  9.6237060e+000  3.1000000e+000
  8.1742260e+000  9.7262960e+000  3.1000000e+000
  8.0957000e+000  9.8287450e+000  3.1000000e+000
  8.0959790e+000  9.9313260e+000  3.1000000e+000
  8.0962580e+000  1.0033908e+001  3.1000000e+000
  8.0965360e+000  1.0136489e+001  3.1000000e+000
  8.0176590e+000  1.0136324e+001  3.1000000e+000
  7.9390250e+000  1.0238724e+001  3.1000000e+000
  7.9392670e+000  1.0341289e+001  3.1000000e+000
  7.8605780e+000  1.0443664e+001  3.1000000e+000
  7.8608030e+000  1.0546221e+001  3.1000000e+000
  7.7820590e+000  1.0648571e+001  3.1000000e+000
  7.7822650e+000  1.0751120e+001  3.1000000e+000
  7.7824710e+000  1.0853668e+001  3.1000000e+000
  7.7826770e+000  1.0956217e+001  3.1000000e+000
  7.7038430e+000  1.1058526e+001  3.1000000e+000
  7.6249720e+000  1.1160818e+001  3.1000000e+000
  7.7042180e+000  1.1263607e+001  3.1000000e+000
  7.6253110e+000  1.1365883e+001  3.1000000e+000
  7.6254810e+000  1.1468415e+001  3.1000000e+000
  7.6256510e+000  1.1570947e+001  3.1000000e+000
  7.5466710e+000  1.1673190e+001  3.1000000e+000
  7.5468230e+000  1.1775714e+001  3.1000000e+000
  7.4677880e+000  1.1877932e+001  3.1000000e+000
  7.5471250e+000  1.1980762e+001  3.1000000e+000
  7.4677880e+000  1.1877932e+001  3.1000000e+000
  7.3887180e+000  1.1980134e+001  3.1000000e+000
  7.3888330e+000  1.2082641e+001  3.1000000e+000
  7.3889480e+000  1.2185149e+001  3.1000000e+000
  7.3890630e+000  1.2287656e+001  3.1000000e+000
  7.3099020e+000  1.2389817e+001  3.1000000e+000
  7.3099990e+000  1.2492316e+001  3.1000000e+000
  7.3100960e+000  1.2594815e+001  3.1000000e+000
  7.3101930e+000  1.2697314e+001  3.1000000e+000
  7.3102900e+000  1.2799813e+001  3.1000000e+000
  7.3103870e+000  1.2902312e+001  3.1000000e+000
  7.3898690e+000  1.3005208e+001  3.1000000e+000
  7.4692550e+000  1.3005604e+001  3.1000000e+000
  7.5486400e+000  1.3006000e+001  3.1000000e+000
  7.6280260e+000  1.3006396e+001  3.1000000e+000
  7.7074120e+000  1.3006793e+001  3.1000000e+000
  7.6280260e+000  1.3006396e+001  3.1000000e+000
  7.5487920e+000  1.3108524e+001  3.1000000e+000
  7.5489430e+000  1.3211048e+001  3.1000000e+000
  7.5490950e+000  1.3313572e+001  3.1000000e+000
  7.5492460e+000  1.3416096e+001  3.1000000e+000
  7.4697880e+000  1.3415666e+001  3.1000000e+000
  7.3904450e+000  1.3517744e+001  3.1000000e+000
  7.3905600e+000  1.3620252e+001  3.1000000e+000
  7.4701880e+000  1.3723213e+001  3.1000000e+000
  7.5498520e+000  1.3826191e+001  3.1000000e+000
  7.6295530e+000  1.3929185e+001  3.1000000e+000
  7.7089140e+000  1.3827116e+001  3.1000000e+000
  7.7091020e+000  1.3929656e+001  3.1000000e+000
  7.6297230e+000  1.4031718e+001  3.1000000e+000
  7.6298920e+000  1.4134250e+001  3.1000000e+000
  7.6300620e+000  1.4236782e+001  3.1000000e+000
  7.6302310e+000  1.4339314e+001  3.1000000e+000
  7.5507610e+000  1.4441334e+001  3.1000000e+000
  7.5509130e+000  1.4543858e+001  3.1000000e+000
  7.5510640e+000  1.4646382e+001  3.1000000e+000
  7.4715210e+000  1.4748369e+001  3.1000000e+000
  7.4716550e+000  1.4850885e+001  3.1000000e+000
  7.3920570e+000  1.4952848e+001  3.1000000e+000
  7.3921720e+000  1.5055355e+001  3.1000000e+000
  7.3922870e+000  1.5157862e+001  3.1000000e+000
  7.3924030e+000  1.5260370e+001  3.1000000e+000
  7.3127140e+000  1.5362291e+001  3.1000000e+000
  7.3926330e+000  1.5465384e+001  3.1000000e+000
  7.3129080e+000  1.5567289e+001  3.1000000e+000
  7.3928630e+000  1.5670399e+001  3.1000000e+000
  7.3129080e+000  1.5567289e+001  3.1000000e+000
  7.2331470e+000  1.5669178e+001  3.1000000e+000
  7.2332260e+000  1.5771669e+001  3.1000000e+000
  7.1534100e+000  1.5873532e+001  3.1000000e+000
  7.2333840e+000  1.5976650e+001  3.1000000e+000
  7.2334620e+000  1.6079141e+001  3.1000000e+000
  7.1534710e+000  1.5976015e+001  3.1000000e+000
  7.0736010e+000  1.6077854e+001  3.1000000e+000
  6.9936950e+000  1.6179676e+001  3.1000000e+000
  6.9137520e+000  1.6281482e+001  3.1000000e+000
  6.9937430e+000  1.6384608e+001  3.1000000e+000
  6.9137640e+000  1.6486398e+001  3.1000000e+000
  6.9937920e+000  1.6589541e+001  3.1000000e+000
  6.9938650e+000  1.6896939e+001  3.1000000e+000
  6.9137830e+000  1.6793772e+001  3.1000000e+000
  6.8337370e+000  1.6690620e+001  3.1000000e+000
  6.7536970e+000  1.6689927e+001  3.1000000e+000
  6.6736090e+000  1.6791667e+001  3.1000000e+000
  6.7536370e+000  1.6894810e+001  3.1000000e+000
  6.7536070e+000  1.6997251e+001  3.1000000e+000
