  7.9240540e+000  3.0600900e-001             NaN
  7.9240540e+000  3.0600900e-001             NaN
  7.9998760e+000  2.0797800e-001             NaN
  8.0756680e+000  1.0993500e-001             NaN
  8.1514330e+000  1.1880000e-002             NaN
  8.2281760e+000  9.5800000e-003             NaN
  8.1524250e+000  1.0764100e-001             NaN
  8.2301890e+000  2.0111400e-001             NaN
  8.3069610e+000  1.9882700e-001             NaN
  8.3826970e+000  1.0076000e-001             NaN
  8.3816610e+000  4.9810000e-003             NaN
  8.4594540e+000  9.8466000e-002             NaN
  8.4605030e+000  1.9425100e-001             NaN
  8.5383380e+000  2.8775400e-001             NaN
  8.6140460e+000  1.8967500e-001             NaN
  8.6129680e+000  9.3879000e-002             NaN
  8.6140460e+000  1.8967500e-001             NaN
  8.5383380e+000  2.8775400e-001             NaN
  8.5394020e+000  3.8354500e-001             NaN
  8.6172800e+000  4.7706500e-001  1.7000000e+000
  8.6183570e+000  5.7286200e-001  1.7000000e+000
  8.5425930e+000  6.7091700e-001  1.7000000e+000
  8.5436570e+000  7.6670800e-001  1.7000000e+000
  8.5447210e+000  8.6249800e-001  1.7000000e+000
  8.5457840e+000  9.5828900e-001  1.7000000e+000
  8.5468480e+000  1.0540800e+000  1.7000000e+000
  8.5479120e+000  1.1498710e+000  1.7000000e+000
  8.4720480e+000  1.2478840e+000  1.7000000e+000
  8.4730970e+000  1.3436690e+000  1.7000000e+000
  8.3971910e+000  1.4416640e+000  1.7000000e+000
  8.3982270e+000  1.5374430e+000  1.7000000e+000
  8.3992620e+000  1.6332220e+000  1.7000000e+000
  8.4002970e+000  1.7290010e+000  1.7000000e+000
  8.4013330e+000  1.8247800e+000  1.7000000e+000
  8.4023680e+000  1.9205590e+000  1.7000000e+000
  8.4034030e+000  2.0163380e+000  1.7000000e+000
  8.4044380e+000  2.1121170e+000  1.7000000e+000
  8.4825430e+000  2.2057320e+000  1.7000000e+000
  8.4065090e+000  2.3036750e+000  1.7000000e+000
  8.4075450e+000  2.3994540e+000  1.7000000e+000
  8.4085800e+000  2.4952330e+000  1.7000000e+000
  8.4096150e+000  2.5910110e+000  1.7000000e+000
  8.4106500e+000  2.6867900e+000  1.7000000e+000
  8.4116860e+000  2.7825690e+000  1.7000000e+000
  8.3355530e+000  2.8804700e+000  1.7000000e+000
  8.3365740e+000  2.9762430e+000  1.7000000e+000
  8.3375950e+000  3.0720160e+000  1.7000000e+000
  8.4158270e+000  3.1656850e+000  1.7000000e+000
  8.3396370e+000  3.2635620e+000  1.7000000e+000
  8.4178980e+000  3.3572430e+000  1.7000000e+000
  8.3416790e+000  3.4551080e+000  1.7000000e+000
  8.3427010e+000  3.5508810e+000  1.7000000e+000
  8.3437220e+000  3.6466540e+000  1.7000000e+000
  8.3447430e+000  3.7424270e+000  1.7000000e+000
  8.3457640e+000  3.8382000e+000  1.7000000e+000
  8.3467850e+000  3.9339730e+000  1.7000000e+000
  8.2704680e+000  4.0317960e+000  1.7000000e+000
  8.3488270e+000  4.1255190e+000  1.7000000e+000
  8.3498490e+000  4.2212920e+000  1.7000000e+000
  8.2734880e+000  4.3190970e+000  1.7000000e+000
  8.2744950e+000  4.4148640e+000  1.7000000e+000
  8.3529120e+000  4.5086100e+000  1.7000000e+000
  8.2765090e+000  4.6063990e+000  1.7000000e+000
  8.3549540e+000  4.7001570e+000  1.7000000e+000
  8.2785230e+000  4.7979330e+000  1.7000000e+000
  8.2795300e+000  4.8937000e+000  1.7000000e+000
  8.2030560e+000  4.9914580e+000  1.7000000e+000
  8.2815440e+000  5.0852340e+000  1.7000000e+000
  8.2825510e+000  5.1810010e+000  1.7000000e+000
  8.2060350e+000  5.2787410e+000  1.7000000e+000
  8.2845650e+000  5.3725350e+000  1.7000000e+000
  8.2080200e+000  5.4702630e+000  1.7000000e+000
  8.2865790e+000  5.5640690e+000  1.7000000e+000
  8.3641450e+000  5.5621130e+000  1.7000000e+000
  8.2875860e+000  5.6598360e+000  1.7000000e+000
  8.2109990e+000  5.7575470e+000  1.7000000e+000
  8.1324260e+000  5.6637350e+000  1.7000000e+000
  8.0558100e+000  5.7614340e+000  1.7000000e+000
  7.9791660e+000  5.8591220e+000  1.7000000e+000
  7.9801160e+000  5.9548650e+000  1.7000000e+000
  8.0587030e+000  6.0486820e+000  1.7000000e+000
  8.1353620e+000  5.9510010e+000  1.7000000e+000
  8.1363400e+000  6.0467560e+000  1.7000000e+000
  8.0587030e+000  6.0486820e+000  1.7000000e+000
  7.9810670e+000  6.0506080e+000  1.7000000e+000
  7.9034300e+000  6.0525340e+000  1.7000000e+000
  7.8267150e+000  6.1501920e+000  1.7000000e+000
  7.9053020e+000  6.2440090e+000  1.7000000e+000
  7.9829670e+000  6.2420950e+000  1.7000000e+000
  7.9839170e+000  6.3378380e+000  1.7000000e+000
  7.9053020e+000  6.2440090e+000  1.7000000e+000
  7.8285590e+000  6.3416550e+000  1.7000000e+000
  7.7517870e+000  6.4392880e+000  1.7000000e+000
  7.7526950e+000  6.5350140e+000  1.7000000e+000
  7.8313240e+000  6.6288490e+000  1.7000000e+000
  7.9090460e+000  6.6269590e+000  1.7000000e+000
  7.8313240e+000  6.6288490e+000  1.7000000e+000
  7.7545100e+000  6.7264650e+000  1.7000000e+000
  7.8331680e+000  6.8203120e+000  1.7000000e+000
  7.9118540e+000  6.9141710e+000  1.7000000e+000
  7.8331680e+000  6.8203120e+000  1.7000000e+000
  7.7563250e+000  6.9179160e+000  1.7000000e+000
  7.7572330e+000  7.0136420e+000  1.7000000e+000
  7.7581400e+000  7.1093670e+000  1.7000000e+000
  7.7590480e+000  7.2050930e+000  1.7000000e+000
  7.6821350e+000  7.3026670e+000  1.7000000e+000
  7.7608630e+000  7.3965440e+000  1.7000000e+000
  7.6839220e+000  7.4941060e+000  1.7000000e+000
  7.6848150e+000  7.5898260e+000  1.7000000e+000
  7.6857080e+000  7.6855450e+000  1.7000000e+000
  7.6866020e+000  7.7812650e+000  1.7000000e+000
  7.6095890e+000  7.8787980e+000  1.7000000e+000
  7.6883890e+000  7.9727040e+000  1.7000000e+000
  7.6892820e+000  8.0684240e+000  1.7000000e+000
  7.6122270e+000  8.1659390e+000  1.7000000e+000
  7.6148650e+000  8.4530800e+000  1.7000000e+000
  7.6919630e+000  8.3555830e+000  1.7000000e+000
  7.6148650e+000  8.4530800e+000  1.7000000e+000
  7.5377380e+000  8.5505650e+000  1.7000000e+000
  8.3727350e+000  6.0048900e-001  1.8000000e+000
  8.3746010e+000  6.9926000e-001  1.8000000e+000
  8.3764660e+000  7.9803100e-001  1.8000000e+000
  8.3000820e+000  8.9499700e-001  1.8000000e+000
  8.3801970e+000  9.9557200e-001  1.8000000e+000
  8.3038030e+000  1.0925250e+000  1.8000000e+000
  8.3056640e+000  1.1912890e+000  1.8000000e+000
  8.3075250e+000  1.2900530e+000  1.8000000e+000
  8.3093850e+000  1.3888170e+000  1.8000000e+000
  8.3112460e+000  1.4875810e+000  1.8000000e+000
  8.3131070e+000  1.5863450e+000  1.8000000e+000
  8.2366790e+000  1.6832480e+000  1.8000000e+000
  8.1602410e+000  1.7801380e+000  1.8000000e+000
  8.2403900e+000  1.8807620e+000  1.8000000e+000
  8.3205490e+000  1.9814010e+000  1.8000000e+000
  8.3224100e+000  2.0801650e+000  1.8000000e+000
  8.3279920e+000  2.3764570e+000  1.8000000e+000
  8.2515250e+000  2.4733040e+000  1.8000000e+000
  8.3317130e+000  2.5739840e+000  1.8000000e+000
  8.3335740e+000  2.6727480e+000  1.8000000e+000
  8.2570930e+000  2.7695750e+000  1.8000000e+000
  8.2589480e+000  2.8683320e+000  1.8000000e+000
  8.2608040e+000  2.9670890e+000  1.8000000e+000
  8.2626600e+000  3.0658460e+000  1.8000000e+000
  8.2645160e+000  3.1646030e+000  1.8000000e+000
  8.1880050e+000  3.2613880e+000  1.8000000e+000
  8.2682270e+000  3.3621170e+000  1.8000000e+000
  8.2700830e+000  3.4608740e+000  1.8000000e+000
  8.2719390e+000  3.5596310e+000  1.8000000e+000
  8.2737950e+000  3.6583880e+000  1.8000000e+000
  8.2756510e+000  3.7571450e+000  1.8000000e+000
  8.2775060e+000  3.8559020e+000  1.8000000e+000
  8.2793620e+000  3.9546590e+000  1.8000000e+000
  8.2028130e+000  4.0513870e+000  1.8000000e+000
  8.2046640e+000  4.1501370e+000  1.8000000e+000
  8.2065150e+000  4.2488880e+000  1.8000000e+000
  8.2083660e+000  4.3476380e+000  1.8000000e+000
  8.2102160e+000  4.4463880e+000  1.8000000e+000
  8.1336380e+000  4.5430740e+000  1.8000000e+000
  8.1354840e+000  4.6418170e+000  1.8000000e+000
  8.1373300e+000  4.7405600e+000  1.8000000e+000
  8.1391760e+000  4.8393030e+000  1.8000000e+000
  8.1410220e+000  4.9380460e+000  1.8000000e+000
  8.2213220e+000  5.0388870e+000  1.8000000e+000
  8.1447140e+000  5.1355320e+000  1.8000000e+000
  8.2250240e+000  5.2363870e+000  1.8000000e+000
  8.2268750e+000  5.3351370e+000  1.8000000e+000
  8.2250240e+000  5.2363870e+000  1.8000000e+000
  8.1447140e+000  5.1355320e+000  1.8000000e+000
  8.0680970e+000  5.2321630e+000  1.8000000e+000
  8.0699380e+000  5.3308990e+000  1.8000000e+000
  7.9933060e+000  5.4275090e+000  1.8000000e+000
  7.9951430e+000  5.5262380e+000  1.8000000e+000
  7.9969790e+000  5.6249670e+000  1.8000000e+000
  7.9203280e+000  5.7215490e+000  1.8000000e+000
  7.9221590e+000  5.8202710e+000  1.8000000e+000
  8.0024880e+000  5.9211540e+000  1.8000000e+000
  8.0791450e+000  5.8245790e+000  1.8000000e+000
  8.0809860e+000  5.9233150e+000  1.8000000e+000
  8.0828270e+000  6.0220510e+000  1.8000000e+000
  8.0043250e+000  6.0198830e+000  1.8000000e+000
  7.9276540e+000  6.1164370e+000  1.8000000e+000
  8.0079970e+000  6.2173410e+000  1.8000000e+000
  7.9313170e+000  6.3138810e+000  1.8000000e+000
  7.9331480e+000  6.4126030e+000  1.8000000e+000
  7.9349800e+000  6.5113250e+000  1.8000000e+000
  7.8582800e+000  6.6078370e+000  1.8000000e+000
  7.8601060e+000  6.7065520e+000  1.8000000e+000
  7.7833920e+000  6.8030440e+000  1.8000000e+000
  7.7852140e+000  6.9017520e+000  1.8000000e+000
  7.7066680e+000  6.8995210e+000  1.8000000e+000
  7.6299340e+000  6.9959840e+000  1.8000000e+000
  7.6317460e+000  7.0946780e+000  1.8000000e+000
  7.7121180e+000  7.1956240e+000  1.8000000e+000
  7.7139350e+000  7.2943250e+000  1.8000000e+000
  7.7157520e+000  7.3930260e+000  1.8000000e+000
  7.7175690e+000  7.4917270e+000  1.8000000e+000
  7.7979660e+000  7.5927080e+000  1.8000000e+000
  7.7212030e+000  7.6891290e+000  1.8000000e+000
  7.7230200e+000  7.7878300e+000  1.8000000e+000
  7.6462420e+000  7.8842310e+000  1.8000000e+000
  7.5694550e+000  7.9806170e+000  1.8000000e+000
  7.4926580e+000  8.0769890e+000  1.8000000e+000
  7.5730690e+000  8.1779910e+000  1.8000000e+000
  7.6534910e+000  8.2790070e+000  1.8000000e+000
  7.5766840e+000  8.3753650e+000  1.8000000e+000
  7.5784910e+000  8.4740520e+000  1.8000000e+000
  7.5016700e+000  8.5703890e+000  1.8000000e+000
  7.4230410e+000  8.5680400e+000  1.8000000e+000
  7.3462050e+000  8.6643560e+000  1.8000000e+000
  7.4266360e+000  8.7653860e+000  1.8000000e+000
  7.4284340e+000  8.8640590e+000  1.8000000e+000
  7.4302310e+000  8.9627320e+000  1.8000000e+000
  7.3497900e+000  8.8616880e+000  1.8000000e+000
  7.2729350e+000  8.9579770e+000  1.8000000e+000
  8.2883850e+000  4.7540400e-001  1.9000000e+000
  8.2122630e+000  5.7389800e-001  1.9000000e+000
  8.2926080e+000  6.7581700e-001  1.9000000e+000
  8.2164690e+000  7.7429600e-001  1.9000000e+000
  8.2968300e+000  8.7623000e-001  1.9000000e+000
  8.2989420e+000  9.7643600e-001  1.9000000e+000
  8.3010530e+000  1.0766430e+000  1.9000000e+000
  8.3031640e+000  1.1768490e+000  1.9000000e+000
  8.2269830e+000  1.2752900e+000  1.9000000e+000
  8.3073870e+000  1.3772620e+000  1.9000000e+000
  8.2311890e+000  1.4756880e+000  1.9000000e+000
  8.2332920e+000  1.5758870e+000  1.9000000e+000
  8.1549740e+000  1.5740990e+000  1.9000000e+000
  8.0787420e+000  1.6724950e+000  1.9000000e+000
  8.1591630e+000  1.7744820e+000  1.9000000e+000
  8.0829140e+000  1.8728630e+000  1.9000000e+000
  8.1633520e+000  1.9748650e+000  1.9000000e+000
  8.1654460e+000  2.0750560e+000  1.9000000e+000
  8.2459090e+000  2.1770800e+000  1.9000000e+000
  8.1696350e+000  2.2754390e+000  1.9000000e+000
  8.2501150e+000  2.3774780e+000  1.9000000e+000
  8.2522180e+000  2.4776770e+000  1.9000000e+000
  8.1759180e+000  2.5760130e+000  1.9000000e+000
  8.0996010e+000  2.6743340e+000  1.9000000e+000
  8.1801070e+000  2.7763960e+000  1.9000000e+000
  8.2585270e+000  2.7782740e+000  1.9000000e+000
  8.2606300e+000  2.8784730e+000  1.9000000e+000
  8.1842950e+000  2.9767790e+000  1.9000000e+000
  8.1863900e+000  3.0769700e+000  1.9000000e+000
  8.1884840e+000  3.1771620e+000  1.9000000e+000
  8.1121160e+000  3.2754370e+000  1.9000000e+000
  8.1926730e+000  3.3775440e+000  1.9000000e+000
  8.1947670e+000  3.4777360e+000  1.9000000e+000
  8.1968620e+000  3.5779270e+000  1.9000000e+000
  8.1989560e+000  3.6781190e+000  1.9000000e+000
  8.2010500e+000  3.7783100e+000  1.9000000e+000
  8.1246310e+000  3.8765410e+000  1.9000000e+000
  8.0481950e+000  3.9747570e+000  1.9000000e+000
  8.0502730e+000  4.0749330e+000  1.9000000e+000
  8.0523500e+000  4.1751090e+000  1.9000000e+000
  8.0544270e+000  4.2752860e+000  1.9000000e+000
  8.0565050e+000  4.3754620e+000  1.9000000e+000
  8.0585820e+000  4.4756390e+000  1.9000000e+000
  8.0606590e+000  4.5758150e+000  1.9000000e+000
  8.0627370e+000  4.6759920e+000  1.9000000e+000
  8.0648140e+000  4.7761680e+000  1.9000000e+000
  8.0668920e+000  4.8763440e+000  1.9000000e+000
  8.1475760e+000  4.9785640e+000  1.9000000e+000
  8.2261830e+000  4.9806070e+000  1.9000000e+000
  8.1475760e+000  4.9785640e+000  1.9000000e+000
  8.0689690e+000  4.9765210e+000  1.9000000e+000
  7.9924310e+000  5.0746470e+000  1.9000000e+000
  7.9158760e+000  5.1727580e+000  1.9000000e+000
  7.9179360e+000  5.2729190e+000  1.9000000e+000
  7.9986370e+000  5.3751530e+000  1.9000000e+000
  7.9220570e+000  5.4732420e+000  1.9000000e+000
  7.9241170e+000  5.5734030e+000  1.9000000e+000
  7.9261770e+000  5.6735640e+000  1.9000000e+000
  8.0069130e+000  5.7758290e+000  1.9000000e+000
  7.9302980e+000  5.8738870e+000  1.9000000e+000
  8.0110500e+000  5.9761670e+000  1.9000000e+000
  8.0897430e+000  5.9782850e+000  1.9000000e+000
  8.1663490e+000  5.8802190e+000  1.9000000e+000
  8.0897430e+000  5.9782850e+000  1.9000000e+000
  8.0110500e+000  5.9761670e+000  1.9000000e+000
  7.9344190e+000  6.0742100e+000  1.9000000e+000
  8.0151880e+000  6.1765040e+000  1.9000000e+000
  7.9344190e+000  6.0742100e+000  1.9000000e+000
  7.8577700e+000  6.1722380e+000  1.9000000e+000
  7.8598220e+000  6.2723920e+000  1.9000000e+000
  7.8618740e+000  6.3725460e+000  1.9000000e+000
  7.7831480e+000  6.3703980e+000  1.9000000e+000
  7.7064570e+000  6.4683890e+000  1.9000000e+000
  7.7872350e+000  6.5706910e+000  1.9000000e+000
  7.7105270e+000  6.6686670e+000  1.9000000e+000
  7.6317750e+000  6.6664960e+000  1.9000000e+000
  7.5550410e+000  6.7644490e+000  1.9000000e+000
  7.5570590e+000  6.8645730e+000  1.9000000e+000
  7.5590770e+000  6.9646970e+000  1.9000000e+000
  7.5610950e+000  7.0648210e+000  1.9000000e+000
  7.4843190e+000  7.1627370e+000  1.9000000e+000
  7.5651310e+000  7.2650690e+000  1.9000000e+000
  7.6439330e+000  7.2672840e+000  1.9000000e+000
  7.6459590e+000  7.3674160e+000  1.9000000e+000
  7.6479860e+000  7.4675470e+000  1.9000000e+000
  7.5691660e+000  7.4653170e+000  1.9000000e+000
  7.4923560e+000  7.5632020e+000  1.9000000e+000
  7.4943650e+000  7.6633190e+000  1.9000000e+000
  7.5752200e+000  7.7656880e+000  1.9000000e+000
  7.6560910e+000  7.8680730e+000  1.9000000e+000
  7.5772380e+000  7.8658120e+000  1.9000000e+000
  7.5003930e+000  7.9636680e+000  1.9000000e+000
  7.5812730e+000  8.0660600e+000  1.9000000e+000
  7.5044120e+000  8.1639010e+000  1.9000000e+000
  7.4255330e+000  8.1616170e+000  1.9000000e+000
  7.3486460e+000  8.2594360e+000  1.9000000e+000
  7.4295350e+000  8.3618350e+000  1.9000000e+000
  7.5084310e+000  8.3641330e+000  1.9000000e+000
  7.4315350e+000  8.4619440e+000  1.9000000e+000
  7.5124490e+000  8.5643660e+000  1.9000000e+000
  7.4315350e+000  8.4619440e+000  1.9000000e+000
  7.3546230e+000  8.5597400e+000  1.9000000e+000
  7.3566160e+000  8.6598410e+000  1.9000000e+000
  7.2776940e+000  8.6575200e+000  1.9000000e+000
  7.2007480e+000  8.7552860e+000  1.9000000e+000
  7.2046990e+000  8.9554590e+000  1.9000000e+000
  7.2066740e+000  9.0555450e+000  1.9000000e+000
  7.2086490e+000  9.1556320e+000  1.9000000e+000
  7.2106240e+000  9.2557180e+000  1.9000000e+000
  7.1336190e+000  9.3534310e+000  1.9000000e+000
  7.1316520e+000  9.2533520e+000  1.9000000e+000
  7.1296850e+000  9.1532730e+000  1.9000000e+000
  8.5130400e+000  1.7880400e-001  2.0000000e+000
  8.5142640e+000  2.7817200e-001  2.0000000e+000
  8.5154880e+000  3.7754000e-001  2.0000000e+000
  8.4397900e+000  4.7417900e-001  2.0000000e+000
  8.4409980e+000  5.7354500e-001  2.0000000e+000
  8.3652530e+000  6.7017800e-001  2.0000000e+000
  8.4434150e+000  7.7227700e-001  2.0000000e+000
  8.3676380e+000  8.6890500e-001  2.0000000e+000
  8.3688310e+000  9.6826800e-001  2.0000000e+000
  8.4470400e+000  1.0703740e+000  2.0000000e+000
  8.3712160e+000  1.1669950e+000  2.0000000e+000
  8.3724090e+000  1.2663580e+000  2.0000000e+000
  8.3736010e+000  1.3657220e+000  2.0000000e+000
  8.2977140e+000  1.4623330e+000  2.0000000e+000
  8.3759860e+000  1.5644480e+000  2.0000000e+000
  8.3771790e+000  1.6638120e+000  2.0000000e+000
  8.3012450e+000  1.7604170e+000  2.0000000e+000
  8.3795640e+000  1.8625390e+000  2.0000000e+000
  8.3807570e+000  1.9619020e+000  2.0000000e+000
  8.3047750e+000  2.0585000e+000  2.0000000e+000
  8.3831420e+000  2.1606290e+000  2.0000000e+000
  8.3843340e+000  2.2599920e+000  2.0000000e+000
  8.3855270e+000  2.3593560e+000  2.0000000e+000
  8.3094830e+000  2.4559450e+000  2.0000000e+000
  8.3879120e+000  2.5580830e+000  2.0000000e+000
  8.3118370e+000  2.6546670e+000  2.0000000e+000
  8.3130130e+000  2.7540280e+000  2.0000000e+000
  8.3141900e+000  2.8533890e+000  2.0000000e+000
  8.3153670e+000  2.9527500e+000  2.0000000e+000
  8.3165440e+000  3.0521110e+000  2.0000000e+000
  8.2403740e+000  3.1486810e+000  2.0000000e+000
  8.3188980e+000  3.2508330e+000  2.0000000e+000
  8.3200750e+000  3.3501950e+000  2.0000000e+000
  8.3212520e+000  3.4495560e+000  2.0000000e+000
  8.3224280e+000  3.5489170e+000  2.0000000e+000
  8.2461800e+000  3.6454750e+000  2.0000000e+000
  8.3247820e+000  3.7476390e+000  2.0000000e+000
  8.2473410e+000  3.7448340e+000  2.0000000e+000
  8.1710450e+000  3.8413860e+000  2.0000000e+000
  8.1721900e+000  3.9407420e+000  2.0000000e+000
  8.1733360e+000  4.0400990e+000  2.0000000e+000
  8.2519850e+000  4.1422690e+000  2.0000000e+000
  8.2531460e+000  4.2416280e+000  2.0000000e+000
  8.1767720e+000  4.3381680e+000  2.0000000e+000
  8.2554690e+000  4.4403460e+000  2.0000000e+000
  8.1790630e+000  4.5368810e+000  2.0000000e+000
  8.1026250e+000  4.6334120e+000  2.0000000e+000
  8.1813540e+000  4.7355940e+000  2.0000000e+000
  8.1048850e+000  4.8321210e+000  2.0000000e+000
  8.1060140e+000  4.9314750e+000  2.0000000e+000
  8.1847900e+000  5.0336640e+000  2.0000000e+000
  8.2624360e+000  5.0364990e+000  2.0000000e+000
  8.3389050e+000  4.9399720e+000  2.0000000e+000
  8.2624360e+000  5.0364990e+000  2.0000000e+000
  8.3412580e+000  5.1386940e+000  2.0000000e+000
  8.2647580e+000  5.2352160e+000  2.0000000e+000
  8.3436120e+000  5.3374170e+000  2.0000000e+000
  8.2647580e+000  5.2352160e+000  2.0000000e+000
  8.1882260e+000  5.3317330e+000  2.0000000e+000
  8.1116630e+000  5.4282460e+000  2.0000000e+000
  8.1905170e+000  5.5304460e+000  2.0000000e+000
  8.1116630e+000  5.4282460e+000  2.0000000e+000
  8.0350680e+000  5.5247540e+000  2.0000000e+000
  8.0361820e+000  5.6241050e+000  2.0000000e+000
  8.1150520e+000  5.7263080e+000  2.0000000e+000
  8.1928080e+000  5.7291590e+000  2.0000000e+000
  8.1939530e+000  5.8285160e+000  2.0000000e+000
  8.1173110e+000  5.9250170e+000  2.0000000e+000
  8.1184410e+000  6.0243710e+000  2.0000000e+000
  8.0417520e+000  6.1208650e+000  2.0000000e+000
  8.0428660e+000  6.2202170e+000  2.0000000e+000
  8.0439800e+000  6.3195680e+000  2.0000000e+000
  7.9650310e+000  6.2173540e+000  2.0000000e+000
  7.8882790e+000  6.3138390e+000  2.0000000e+000
  7.8893610e+000  6.4131860e+000  2.0000000e+000
  7.8125620e+000  6.5096640e+000  2.0000000e+000
  7.8915270e+000  6.6118810e+000  2.0000000e+000
  7.9694240e+000  6.6147520e+000  2.0000000e+000
  7.8926090e+000  6.7112280e+000  2.0000000e+000
  7.8157630e+000  6.8076990e+000  2.0000000e+000
  7.7378340e+000  6.8048220e+000  2.0000000e+000
  7.6609400e+000  6.9012860e+000  2.0000000e+000
  7.7399360e+000  7.0035080e+000  2.0000000e+000
  7.6619750e+000  7.0006270e+000  2.0000000e+000
  7.5850350e+000  7.0970840e+000  2.0000000e+000
  7.5860540e+000  7.1964220e+000  2.0000000e+000
  7.6650810e+000  7.2986480e+000  2.0000000e+000
  7.7430890e+000  7.3015360e+000  2.0000000e+000
  7.8221630e+000  7.4037680e+000  2.0000000e+000
  7.7441400e+000  7.4008780e+000  2.0000000e+000
  7.6671520e+000  7.4973280e+000  2.0000000e+000
  7.7462420e+000  7.5995630e+000  2.0000000e+000
  7.8242970e+000  7.6024580e+000  2.0000000e+000
  7.7472930e+000  7.6989060e+000  2.0000000e+000
  7.6692230e+000  7.6960090e+000  2.0000000e+000
  7.5921720e+000  7.7924500e+000  2.0000000e+000
  7.6712930e+000  7.8946900e+000  2.0000000e+000
  7.6723290e+000  7.9940300e+000  2.0000000e+000
  7.6733640e+000  8.0933700e+000  2.0000000e+000
  7.6743990e+000  8.1927100e+000  2.0000000e+000
  7.5972700e+000  8.2891400e+000  2.0000000e+000
  7.5982890e+000  8.3884780e+000  2.0000000e+000
  7.5993090e+000  8.4878160e+000  2.0000000e+000
  7.6003280e+000  8.5871540e+000  2.0000000e+000
  7.5231200e+000  8.6835710e+000  2.0000000e+000
  7.4448930e+000  8.6806510e+000  2.0000000e+000
  7.3676370e+000  8.7770620e+000  2.0000000e+000
  7.4468690e+000  8.8793180e+000  2.0000000e+000
  7.4478570e+000  8.9786510e+000  2.0000000e+000
  7.4488450e+000  9.0779850e+000  2.0000000e+000
  7.3715270e+000  9.1743860e+000  2.0000000e+000
  7.2941770e+000  9.2707830e+000  2.0000000e+000
  7.2951340e+000  9.3701120e+000  2.0000000e+000
  7.2960910e+000  9.4694410e+000  2.0000000e+000
  7.2970470e+000  9.5687700e+000  2.0000000e+000
  7.2196190e+000  9.6651550e+000  2.0000000e+000
  7.2205600e+000  9.7644820e+000  2.0000000e+000
  7.2999170e+000  9.8667560e+000  2.0000000e+000
  7.2224420e+000  9.9631350e+000  2.0000000e+000
  7.2233830e+000  1.0062461e+001  2.0000000e+000
  7.2243240e+000  1.0161787e+001  2.0000000e+000
  7.2252650e+000  1.0261114e+001  2.0000000e+000
  8.1120010e+000  1.8381790e+000  2.1000000e+000
  8.1124020e+000  1.9366980e+000  2.1000000e+000
  8.1128030e+000  2.0352170e+000  2.1000000e+000
  8.0352250e+000  2.1347590e+000  2.1000000e+000
  8.0356160e+000  2.2332700e+000  2.1000000e+000
  7.9580050e+000  2.3327860e+000  2.1000000e+000
  7.9583850e+000  2.4312880e+000  2.1000000e+000
  7.9587650e+000  2.5297910e+000  2.1000000e+000
  7.9591450e+000  2.6282930e+000  2.1000000e+000
  7.9595240e+000  2.7267950e+000  2.1000000e+000
  7.8818490e+000  2.8262610e+000  2.1000000e+000
  7.8822180e+000  2.9247550e+000  2.1000000e+000
  7.9606640e+000  3.0223020e+000  2.1000000e+000
  7.8829560e+000  3.1217420e+000  2.1000000e+000
  7.9614240e+000  3.2193070e+000  2.1000000e+000
  7.9618040e+000  3.3178090e+000  2.1000000e+000
  7.9621830e+000  3.4163120e+000  2.1000000e+000
  7.9625630e+000  3.5148140e+000  2.1000000e+000
  7.8848020e+000  3.6142120e+000  2.1000000e+000
  7.8851710e+000  3.7127060e+000  2.1000000e+000
  7.8855400e+000  3.8112000e+000  2.1000000e+000
  7.8080940e+000  4.0090490e+000  2.1000000e+000
  7.7302570e+000  4.1083880e+000  2.1000000e+000
  7.7306040e+000  4.2068650e+000  2.1000000e+000
  7.7309520e+000  4.3053420e+000  2.1000000e+000
  7.7312990e+000  4.4038190e+000  2.1000000e+000
  7.8098850e+000  4.5014760e+000  2.1000000e+000
  7.8102430e+000  4.5999620e+000  2.1000000e+000
  7.8106020e+000  4.6984470e+000  2.1000000e+000
  7.8892300e+000  4.7961380e+000  2.1000000e+000
  7.8113180e+000  4.8954180e+000  2.1000000e+000
  7.8116760e+000  4.9939040e+000  2.1000000e+000
  7.7337320e+000  5.0931580e+000  2.1000000e+000
  7.8123930e+000  5.1908740e+000  2.1000000e+000
  7.7344270e+000  5.2901120e+000  2.1000000e+000
  7.8131100e+000  5.3878450e+000  2.1000000e+000
  7.8134680e+000  5.4863310e+000  2.1000000e+000
  7.7354690e+000  5.5855430e+000  2.1000000e+000
  7.8141840e+000  5.6833020e+000  2.1000000e+000
  7.7361640e+000  5.7824970e+000  2.1000000e+000
  7.8149010e+000  5.8802720e+000  2.1000000e+000
  7.7365120e+000  5.8809740e+000  2.1000000e+000
  7.6584600e+000  5.9801440e+000  2.1000000e+000
  7.7372070e+000  6.0779280e+000  2.1000000e+000
  7.7375540e+000  6.1764050e+000  2.1000000e+000
  7.6591330e+000  6.1770810e+000  2.1000000e+000
  7.5810370e+000  6.2762170e+000  2.1000000e+000
  7.6598060e+000  6.3740180e+000  2.1000000e+000
  7.6601430e+000  6.4724860e+000  2.1000000e+000
  7.6604800e+000  6.5709550e+000  2.1000000e+000
  7.6608170e+000  6.6694230e+000  2.1000000e+000
  7.6611530e+000  6.7678920e+000  2.1000000e+000
  7.5829930e+000  6.8669770e+000  2.1000000e+000
  7.5048110e+000  6.9660460e+000  2.1000000e+000
  7.5051270e+000  7.0644980e+000  2.1000000e+000
  7.5054420e+000  7.1629490e+000  2.1000000e+000
  7.4272170e+000  7.2619840e+000  2.1000000e+000
  7.4275220e+000  7.3604270e+000  2.1000000e+000
  7.4278260e+000  7.4588700e+000  2.1000000e+000
  7.3495580e+000  7.5578710e+000  2.1000000e+000
  7.4284350e+000  7.6557570e+000  2.1000000e+000
  7.4287390e+000  7.7542000e+000  2.1000000e+000
  7.4290430e+000  7.8526430e+000  2.1000000e+000
  7.3507330e+000  7.9516100e+000  2.1000000e+000
  7.4296520e+000  8.0495300e+000  2.1000000e+000
  7.3510260e+000  8.0500450e+000  2.1000000e+000
  7.2726830e+000  8.1489870e+000  2.1000000e+000
  7.3516130e+000  8.2469150e+000  2.1000000e+000
  7.2732490e+000  8.3458400e+000  2.1000000e+000
  7.2735310e+000  8.4442660e+000  2.1000000e+000
  7.2738140e+000  8.5426920e+000  2.1000000e+000
  7.2740970e+000  8.6411180e+000  2.1000000e+000
  7.2743800e+000  8.7395450e+000  2.1000000e+000
  7.2746630e+000  8.8379710e+000  2.1000000e+000
  7.1962220e+000  8.9368370e+000  2.1000000e+000
  7.1964950e+000  9.0352550e+000  2.1000000e+000
  7.1970390e+000  9.2320900e+000  2.1000000e+000
  7.9766760e+000  4.3494800e-001  2.2000000e+000
  7.9789180e+000  6.3327700e-001  2.2000000e+000
  8.0577790e+000  7.3262200e-001  2.2000000e+000
  7.9811600e+000  8.3160600e-001  2.2000000e+000
  7.9822810e+000  9.3077100e-001  2.2000000e+000
  7.9834020e+000  1.0299350e+000  2.2000000e+000
  7.9845230e+000  1.1291000e+000  2.2000000e+000
  7.9856450e+000  1.2282640e+000  2.2000000e+000
  7.9867660e+000  1.3274290e+000  2.2000000e+000
  7.9878870e+000  1.4265930e+000  2.2000000e+000
  7.9890080e+000  1.5257580e+000  2.2000000e+000
  8.0679760e+000  1.6251470e+000  2.2000000e+000
  7.9912500e+000  1.7240870e+000  2.2000000e+000
  8.0702410e+000  1.8234870e+000  2.2000000e+000
  7.9934920e+000  1.9224160e+000  2.2000000e+000
  7.9946130e+000  2.0215800e+000  2.2000000e+000
  7.9957350e+000  2.1207450e+000  2.2000000e+000
  7.9189380e+000  2.2196540e+000  2.2000000e+000
  7.9979770e+000  2.3190740e+000  2.2000000e+000
  7.9211560e+000  2.4179730e+000  2.2000000e+000
  7.9222660e+000  2.5171330e+000  2.2000000e+000
  7.9233750e+000  2.6162920e+000  2.2000000e+000
  7.9244840e+000  2.7154520e+000  2.2000000e+000
  7.9255930e+000  2.8146110e+000  2.2000000e+000
  7.9267030e+000  2.9137710e+000  2.2000000e+000
  7.8497990e+000  3.0126350e+000  2.2000000e+000
  7.8508960e+000  3.1117900e+000  2.2000000e+000
  7.8519940e+000  3.2109440e+000  2.2000000e+000
  7.9311390e+000  3.3104090e+000  2.2000000e+000
  7.8541890e+000  3.4092530e+000  2.2000000e+000
  7.8552860e+000  3.5084070e+000  2.2000000e+000
  7.7782990e+000  3.6072370e+000  2.2000000e+000
  7.8574810e+000  3.7067160e+000  2.2000000e+000
  7.7804700e+000  3.8055350e+000  2.2000000e+000
  7.7815560e+000  3.9046850e+000  2.2000000e+000
  7.7826410e+000  4.0038340e+000  2.2000000e+000
  7.8618700e+000  4.1033340e+000  2.2000000e+000
  7.9411230e+000  4.2028440e+000  2.2000000e+000
  8.0192780e+000  4.2032000e+000  2.2000000e+000
  7.9411230e+000  4.2028440e+000  2.2000000e+000
  7.8640650e+000  4.3016430e+000  2.2000000e+000
  7.8651620e+000  4.4007980e+000  2.2000000e+000
  7.7880680e+000  4.4995820e+000  2.2000000e+000
  7.8673570e+000  4.5991070e+000  2.2000000e+000
  7.9455600e+000  4.5994820e+000  2.2000000e+000
  7.8684540e+000  4.6982610e+000  2.2000000e+000
  7.8695520e+000  4.7974160e+000  2.2000000e+000
  7.8706490e+000  4.8965700e+000  2.2000000e+000
  7.7924100e+000  4.8961800e+000  2.2000000e+000
  7.7152460e+000  4.9949330e+000  2.2000000e+000
  7.7945810e+000  5.0944790e+000  2.2000000e+000
  7.8739410e+000  5.1940340e+000  2.2000000e+000
  7.7967520e+000  5.2927770e+000  2.2000000e+000
  7.7978380e+000  5.3919270e+000  2.2000000e+000
  7.7989230e+000  5.4910760e+000  2.2000000e+000
  7.7216870e+000  5.5898000e+000  2.2000000e+000
  7.8010940e+000  5.6893750e+000  2.2000000e+000
  7.8805250e+000  5.7889610e+000  2.2000000e+000
  7.8010940e+000  5.6893750e+000  2.2000000e+000
  7.7238340e+000  5.7880890e+000  2.2000000e+000
  7.7249080e+000  5.8872330e+000  2.2000000e+000
  7.8043510e+000  5.9868240e+000  2.2000000e+000
  7.8054360e+000  6.0859730e+000  2.2000000e+000
  7.8065220e+000  6.1851230e+000  2.2000000e+000
  7.7281290e+000  6.1846670e+000  2.2000000e+000
  7.6507980e+000  6.2833500e+000  2.2000000e+000
  7.5734430e+000  6.3820240e+000  2.2000000e+000
  7.5744930e+000  6.4811580e+000  2.2000000e+000
  7.4971020e+000  6.5798170e+000  2.2000000e+000
  7.5765930e+000  6.6794270e+000  2.2000000e+000
  7.4981400e+000  6.6789460e+000  2.2000000e+000
  7.4207140e+000  6.7775900e+000  2.2000000e+000
  7.4217400e+000  6.8767140e+000  2.2000000e+000
  7.4227660e+000  6.9758380e+000  2.2000000e+000
  7.3452930e+000  7.0744620e+000  2.2000000e+000
  7.4248190e+000  7.1740870e+000  2.2000000e+000
  7.3473210e+000  7.2727010e+000  2.2000000e+000
  7.4268710e+000  7.3723360e+000  2.2000000e+000
  7.3493500e+000  7.4709390e+000  2.2000000e+000
  7.3503640e+000  7.5700590e+000  2.2000000e+000
  7.3513780e+000  7.6691780e+000  2.2000000e+000
  7.2738090e+000  7.7677610e+000  2.2000000e+000
  7.2748120e+000  7.8668750e+000  2.2000000e+000
  7.2758140e+000  7.9659900e+000  2.2000000e+000
  7.2768170e+000  8.0651040e+000  2.2000000e+000
  7.2778190e+000  8.1642190e+000  2.2000000e+000
  7.7622090e+000  2.8764800e-001  2.3000000e+000
  7.7622090e+000  2.8764800e-001  2.3000000e+000
  7.6861740e+000  3.8650800e-001  2.3000000e+000
  7.7660130e+000  4.8725400e-001  2.3000000e+000
  7.6899560e+000  5.8611200e-001  2.3000000e+000
  7.6918470e+000  6.8591400e-001  2.3000000e+000
  7.6157580e+000  7.8477000e-001  2.3000000e+000
  7.6956290e+000  8.8551800e-001  2.3000000e+000
  7.7755240e+000  9.8626800e-001  2.3000000e+000
  7.6994120e+000  1.0851220e+000  2.3000000e+000
  7.7013030e+000  1.1849240e+000  2.3000000e+000
  7.7031940e+000  1.2847260e+000  2.3000000e+000
  7.7050850e+000  1.3845280e+000  2.3000000e+000
  7.7069760e+000  1.4843300e+000  2.3000000e+000
  7.7088670e+000  1.5841320e+000  2.3000000e+000
  7.7107580e+000  1.6839340e+000  2.3000000e+000
  7.7126490e+000  1.7837360e+000  2.3000000e+000
  7.7926430e+000  1.8844940e+000  2.3000000e+000
  7.7164310e+000  1.9833400e+000  2.3000000e+000
  7.7183220e+000  2.0831420e+000  2.3000000e+000
  7.6420770e+000  2.1819840e+000  2.3000000e+000
  7.7221040e+000  2.2827460e+000  2.3000000e+000
  7.6439570e+000  2.2817850e+000  2.3000000e+000
  7.5676790e+000  2.3806250e+000  2.3000000e+000
  7.6477170e+000  2.4813870e+000  2.3000000e+000
  7.6495970e+000  2.5811880e+000  2.3000000e+000
  7.6514770e+000  2.6809890e+000  2.3000000e+000
  7.6533570e+000  2.7807900e+000  2.3000000e+000
  7.5770230e+000  2.8796250e+000  2.3000000e+000
  7.5788920e+000  2.9794250e+000  2.3000000e+000
  7.5807610e+000  3.0792250e+000  2.3000000e+000
  7.5826290e+000  3.1790250e+000  2.3000000e+000
  7.5844980e+000  3.2788260e+000  2.3000000e+000
  7.5863670e+000  3.3786260e+000  2.3000000e+000
  7.5882360e+000  3.4784260e+000  2.3000000e+000
  7.5901050e+000  3.5782260e+000  2.3000000e+000
  7.5136710e+000  3.6770520e+000  2.3000000e+000
  7.4372150e+000  3.7758770e+000  2.3000000e+000
  7.4390620e+000  3.8756750e+000  2.3000000e+000
  7.4409090e+000  3.9754730e+000  2.3000000e+000
  7.4427550e+000  4.0752720e+000  2.3000000e+000
  7.4446020e+000  4.1750700e+000  2.3000000e+000
  7.5248180e+000  4.2758470e+000  2.3000000e+000
  7.5266760e+000  4.3756460e+000  2.3000000e+000
  7.6069240e+000  4.4764270e+000  2.3000000e+000
  7.5303910e+000  4.5752450e+000  2.3000000e+000
  7.6106620e+000  4.6760270e+000  2.3000000e+000
  7.6125310e+000  4.7758270e+000  2.3000000e+000
  7.5359640e+000  4.8746420e+000  2.3000000e+000
  7.5378220e+000  4.9744410e+000  2.3000000e+000
  7.5396800e+000  5.0742400e+000  2.3000000e+000
  7.5415380e+000  5.1740400e+000  2.3000000e+000
  7.5433950e+000  5.2738390e+000  2.3000000e+000
  7.5452530e+000  5.3736380e+000  2.3000000e+000
  7.5471110e+000  5.4734370e+000  2.3000000e+000
  7.5489690e+000  5.5732360e+000  2.3000000e+000
  7.5508270e+000  5.6730350e+000  2.3000000e+000
  7.4741490e+000  5.7718410e+000  2.3000000e+000
  7.5545420e+000  5.8726340e+000  2.3000000e+000
  7.5564000e+000  5.9724330e+000  2.3000000e+000
  7.4796890e+000  6.0712360e+000  2.3000000e+000
  7.5601150e+000  6.1720310e+000  2.3000000e+000
  7.4815360e+000  6.1710340e+000  2.3000000e+000
  7.4047920e+000  6.2698340e+000  2.3000000e+000
  7.4852290e+000  6.3706300e+000  2.3000000e+000
  7.5656890e+000  6.4714290e+000  2.3000000e+000
  7.4852290e+000  6.3706300e+000  2.3000000e+000
  7.4047920e+000  6.2698340e+000  2.3000000e+000
  7.3280250e+000  6.3686330e+000  2.3000000e+000
  7.3298500e+000  6.4684290e+000  2.3000000e+000
  7.4102980e+000  6.5692260e+000  2.3000000e+000
  7.3298500e+000  6.4684290e+000  2.3000000e+000
  7.2530500e+000  6.5672250e+000  2.3000000e+000
  7.2548640e+000  6.6670200e+000  2.3000000e+000
  7.1780310e+000  6.7658130e+000  2.3000000e+000
  7.1798330e+000  6.8656070e+000  2.3000000e+000
  7.1029670e+000  6.9643970e+000  2.3000000e+000
  7.1047580e+000  7.0641910e+000  2.3000000e+000
  7.1065490e+000  7.1639840e+000  2.3000000e+000
  7.1083410e+000  7.2637780e+000  2.3000000e+000
  7.1101320e+000  7.3635710e+000  2.3000000e+000
  7.1119230e+000  7.4633650e+000  2.3000000e+000
  7.0349790e+000  7.5621490e+000  2.3000000e+000
  7.0367600e+000  7.6619410e+000  2.3000000e+000
  7.0385400e+000  7.7617340e+000  2.3000000e+000
  7.0403200e+000  7.8615260e+000  2.3000000e+000
  6.9633210e+000  7.9603050e+000  2.3000000e+000
  6.9650900e+000  8.0600970e+000  2.3000000e+000
  7.0456600e+000  8.1609040e+000  2.3000000e+000
  7.1226700e+000  8.0621260e+000  2.3000000e+000
  7.0456600e+000  8.1609040e+000  2.3000000e+000
  6.9686280e+000  8.2596800e+000  2.3000000e+000
  7.0492200e+000  8.3604890e+000  2.3000000e+000
  6.9721660e+000  8.4592630e+000  2.3000000e+000
  6.9739350e+000  8.5590550e+000  2.3000000e+000
  6.9757040e+000  8.6588470e+000  2.3000000e+000
  7.9792040e+000  2.8621200e-001  2.4000000e+000
  7.9795100e+000  3.8881400e-001  2.4000000e+000
  7.9798150e+000  4.9141500e-001  2.4000000e+000
  7.9801210e+000  5.9401700e-001  2.4000000e+000
  7.9804260e+000  6.9661800e-001  2.4000000e+000
  7.9807310e+000  7.9922000e-001  2.4000000e+000
  7.9810370e+000  9.0182100e-001  2.4000000e+000
  7.9813420e+000  1.0044230e+000  2.4000000e+000
  7.9816470e+000  1.1070250e+000  2.4000000e+000
  7.9819530e+000  1.2096260e+000  2.4000000e+000
  7.9822580e+000  1.3122280e+000  2.4000000e+000
  7.9825630e+000  1.4148290e+000  2.4000000e+000
  7.9828690e+000  1.5174310e+000  2.4000000e+000
  8.0610400e+000  1.6199960e+000  2.4000000e+000
  8.1392330e+000  1.7225610e+000  2.4000000e+000
  8.0616720e+000  1.8251990e+000  2.4000000e+000
  7.9840900e+000  1.9278370e+000  2.4000000e+000
  7.9843950e+000  2.0304380e+000  2.4000000e+000
  7.9847010e+000  2.1330400e+000  2.4000000e+000
  7.9070760e+000  2.2356800e+000  2.4000000e+000
  7.9853110e+000  2.3382430e+000  2.4000000e+000
  7.9076650e+000  2.4408840e+000  2.4000000e+000
  7.9079600e+000  2.5434860e+000  2.4000000e+000
  7.9862270e+000  2.6460480e+000  2.4000000e+000
  7.9085490e+000  2.7486890e+000  2.4000000e+000
  7.9868380e+000  2.8512510e+000  2.4000000e+000
  7.9091390e+000  2.9538930e+000  2.4000000e+000
  7.9874490e+000  3.0564540e+000  2.4000000e+000
  7.9094330e+000  3.0564950e+000  2.4000000e+000
  7.8317020e+000  3.1591390e+000  2.4000000e+000
  7.9100230e+000  3.2616990e+000  2.4000000e+000
  7.9880600e+000  3.2616570e+000  2.4000000e+000
  7.9100230e+000  3.2616990e+000  2.4000000e+000
  7.8322700e+000  3.3643430e+000  2.4000000e+000
  7.9106120e+000  3.4669030e+000  2.4000000e+000
  7.8328380e+000  3.5695480e+000  2.4000000e+000
  7.9112010e+000  3.6721070e+000  2.4000000e+000
  7.9114960e+000  3.7747090e+000  2.4000000e+000
  7.9117910e+000  3.8773110e+000  2.4000000e+000
  7.9120850e+000  3.9799130e+000  2.4000000e+000
  7.9905020e+000  4.0824700e+000  2.4000000e+000
  7.9908080e+000  4.1850710e+000  2.4000000e+000
  7.9129700e+000  4.2877190e+000  2.4000000e+000
  7.9132640e+000  4.3903200e+000  2.4000000e+000
  7.9917240e+000  4.4928760e+000  2.4000000e+000
  7.9132640e+000  4.3903200e+000  2.4000000e+000
  7.8353940e+000  4.4929690e+000  2.4000000e+000
  7.8356780e+000  4.5955710e+000  2.4000000e+000
  7.8359620e+000  4.6981730e+000  2.4000000e+000
  7.8362460e+000  4.8007760e+000  2.4000000e+000
  7.9147380e+000  4.9033300e+000  2.4000000e+000
  7.9150320e+000  5.0059320e+000  2.4000000e+000
  7.8370980e+000  5.1085830e+000  2.4000000e+000
  7.8373820e+000  5.2111850e+000  2.4000000e+000
  7.7594160e+000  5.3138370e+000  2.4000000e+000
  7.7596890e+000  5.4164400e+000  2.4000000e+000
  7.7599630e+000  5.5190420e+000  2.4000000e+000
  7.8385180e+000  5.6215940e+000  2.4000000e+000
  7.7605090e+000  5.7242480e+000  2.4000000e+000
  7.8390860e+000  5.8267990e+000  2.4000000e+000
  7.7610560e+000  5.9294530e+000  2.4000000e+000
  7.7613290e+000  6.0320560e+000  2.4000000e+000
  7.7616030e+000  6.1346580e+000  2.4000000e+000
  7.7613290e+000  6.0320560e+000  2.4000000e+000
  7.6827420e+000  5.9295050e+000  2.4000000e+000
  7.6046790e+000  6.0321600e+000  2.4000000e+000
  7.5265960e+000  6.1348160e+000  2.4000000e+000
  7.6051830e+000  6.2373670e+000  2.4000000e+000
  7.6837920e+000  6.3399170e+000  2.4000000e+000
  7.6051830e+000  6.2373670e+000  2.4000000e+000
  7.5270780e+000  6.3400240e+000  2.4000000e+000
  7.5273200e+000  6.4426270e+000  2.4000000e+000
  7.4491830e+000  6.5452850e+000  2.4000000e+000
  7.3710240e+000  6.6479440e+000  2.4000000e+000
  7.4496440e+000  6.7504940e+000  2.4000000e+000
  7.3714640e+000  6.8531530e+000  2.4000000e+000
  7.3716840e+000  6.9557580e+000  2.4000000e+000
  7.2934730e+000  7.0584180e+000  2.4000000e+000
  7.2936820e+000  7.1610230e+000  2.4000000e+000
  7.2938910e+000  7.2636280e+000  2.4000000e+000
  7.2941000e+000  7.3662330e+000  2.4000000e+000
  7.2158350e+000  7.4688960e+000  2.4000000e+000
  7.2160340e+000  7.5715010e+000  2.4000000e+000
  7.2162330e+000  7.6741060e+000  2.4000000e+000
  7.2164310e+000  7.7767120e+000  2.4000000e+000
  7.2166300e+000  7.8793170e+000  2.4000000e+000
  7.1383010e+000  7.9819810e+000  2.4000000e+000
  7.2170270e+000  8.0845280e+000  2.4000000e+000
  7.2172260e+000  8.1871330e+000  2.4000000e+000
  7.2174240e+000  8.2897380e+000  2.4000000e+000
  7.1390530e+000  8.3924040e+000  2.4000000e+000
  7.1392410e+000  8.4950100e+000  2.4000000e+000
  7.1394290e+000  8.5976160e+000  2.4000000e+000
  7.0610140e+000  8.7002830e+000  2.4000000e+000
  7.0611910e+000  8.8028900e+000  2.4000000e+000
  7.8590460e+000  1.1306050e+000  2.5000000e+000
  7.8581990e+000  1.3320460e+000  2.5000000e+000
  7.8577750e+000  1.4327670e+000  2.5000000e+000
  7.8573510e+000  1.5334880e+000  2.5000000e+000
  7.8569280e+000  1.6342090e+000  2.5000000e+000
  7.8565040e+000  1.7349290e+000  2.5000000e+000
  7.8560800e+000  1.8356500e+000  2.5000000e+000
  7.8556560e+000  1.9363710e+000  2.5000000e+000
  7.7771200e+000  2.0376980e+000  2.5000000e+000
  7.7766850e+000  2.1384100e+000  2.5000000e+000
  7.7762500e+000  2.2391220e+000  2.5000000e+000
  7.6976690e+000  2.3404120e+000  2.5000000e+000
  7.7753800e+000  2.4405450e+000  2.5000000e+000
  7.7749450e+000  2.5412570e+000  2.5000000e+000
  7.6963300e+000  2.6425210e+000  2.5000000e+000
  7.6958830e+000  2.7432230e+000  2.5000000e+000
  7.6954370e+000  2.8439260e+000  2.5000000e+000
  7.6949910e+000  2.9446290e+000  2.5000000e+000
  7.6945440e+000  3.0453320e+000  2.5000000e+000
  7.6940980e+000  3.1460340e+000  2.5000000e+000
  7.6154030e+000  3.2472350e+000  2.5000000e+000
  7.6149450e+000  3.3479290e+000  2.5000000e+000
  7.6144880e+000  3.4486230e+000  2.5000000e+000
  7.6140300e+000  3.5493160e+000  2.5000000e+000
  7.6135720e+000  3.6500100e+000  2.5000000e+000
  7.6131150e+000  3.7507040e+000  2.5000000e+000
  7.6126570e+000  3.8513980e+000  2.5000000e+000
  7.5338710e+000  3.9525260e+000  2.5000000e+000
  7.6117410e+000  4.0527850e+000  2.5000000e+000
  7.5329330e+000  4.1538960e+000  2.5000000e+000
  7.5324640e+000  4.2545800e+000  2.5000000e+000
  7.4536220e+000  4.3556640e+000  2.5000000e+000
  7.5315260e+000  4.4559500e+000  2.5000000e+000
  7.5310570e+000  4.5566350e+000  2.5000000e+000
  7.6089950e+000  4.6569480e+000  2.5000000e+000
  7.6085370e+000  4.7576420e+000  2.5000000e+000
  7.5296500e+000  4.8586890e+000  2.5000000e+000
  7.5291810e+000  4.9593740e+000  2.5000000e+000
  7.5287120e+000  5.0600580e+000  2.5000000e+000
  7.6067070e+000  5.1604170e+000  2.5000000e+000
  7.6856170e+000  5.0593870e+000  2.5000000e+000
  7.6851700e+000  5.1600900e+000  2.5000000e+000
  7.6057910e+000  5.3618040e+000  2.5000000e+000
  7.6053340e+000  5.4624980e+000  2.5000000e+000
  7.6048760e+000  5.5631920e+000  2.5000000e+000
  7.6829380e+000  5.6636040e+000  2.5000000e+000
  7.8516980e+000 -2.4890000e-003  2.6000000e+000
  7.9286400e+000 -1.4120000e-003  2.6000000e+000
  7.8531770e+000  9.6722000e-002  2.6000000e+000
  7.9316210e+000  1.9701700e-001  2.6000000e+000
  7.8561360e+000  2.9514500e-001  2.6000000e+000
  7.8576160e+000  3.9435700e-001  2.6000000e+000
  7.8590950e+000  4.9356800e-001  2.6000000e+000
  7.8605750e+000  5.9277900e-001  2.6000000e+000
  7.8620540e+000  6.9199100e-001  2.6000000e+000
  7.9405630e+000  7.9230400e-001  2.6000000e+000
  7.9420530e+000  8.9151900e-001  2.6000000e+000
  7.8650130e+000  8.9041400e-001  2.6000000e+000
  7.7894420e+000  9.8851700e-001  2.6000000e+000
  7.8679720e+000  1.0888370e+000  2.6000000e+000
  7.9465240e+000  1.1891630e+000  2.6000000e+000
  7.9480150e+000  1.2883770e+000  2.6000000e+000
  7.8724110e+000  1.3864710e+000  2.6000000e+000
  7.9509950e+000  1.4868060e+000  2.6000000e+000
  7.8753700e+000  1.5848940e+000  2.6000000e+000
  7.8768490e+000  1.6841050e+000  2.6000000e+000
  7.8783290e+000  1.7833160e+000  2.6000000e+000
  7.8798080e+000  1.8825280e+000  2.6000000e+000
  7.8041280e+000  1.9805990e+000  2.6000000e+000
  7.8055970e+000  2.0798070e+000  2.6000000e+000
  7.8070660e+000  2.1790150e+000  2.6000000e+000
  7.8857260e+000  2.2793730e+000  2.6000000e+000
  7.8100030e+000  2.3774320e+000  2.6000000e+000
  7.8114710e+000  2.4766400e+000  2.6000000e+000
  7.8129400e+000  2.5758480e+000  2.6000000e+000
  7.8144090e+000  2.6750570e+000  2.6000000e+000
  7.8158770e+000  2.7742650e+000  2.6000000e+000
  7.7400890e+000  2.8723040e+000  2.6000000e+000
  7.8188150e+000  2.9726810e+000  2.6000000e+000
  7.7430040e+000  3.0707150e+000  2.6000000e+000
  7.8217520e+000  3.1710980e+000  2.6000000e+000
  7.8232200e+000  3.2703060e+000  2.6000000e+000
  7.7473770e+000  3.3683300e+000  2.6000000e+000
  7.7488350e+000  3.4675350e+000  2.6000000e+000
  7.6729600e+000  3.5655490e+000  2.6000000e+000
  7.7517510e+000  3.6659450e+000  2.6000000e+000
  7.7532090e+000  3.7651500e+000  2.6000000e+000
  7.8320320e+000  3.8655560e+000  2.6000000e+000
  7.8335010e+000  3.9647640e+000  2.6000000e+000
  7.7575820e+000  4.0627650e+000  2.6000000e+000
  7.7590400e+000  4.1619700e+000  2.6000000e+000
  7.7604970e+000  4.2611760e+000  2.6000000e+000
  7.7619550e+000  4.3603810e+000  2.6000000e+000
  7.7634130e+000  4.4595860e+000  2.6000000e+000
  7.7648710e+000  4.5587910e+000  2.6000000e+000
  7.7663290e+000  4.6579960e+000  2.6000000e+000
  7.7677860e+000  4.7572010e+000  2.6000000e+000
  7.8467180e+000  4.8576380e+000  2.6000000e+000
  7.7707020e+000  4.9556110e+000  2.6000000e+000
  7.6946630e+000  5.0535780e+000  2.6000000e+000
  7.6961100e+000  5.1527800e+000  2.6000000e+000
  7.6975570e+000  5.2519820e+000  2.6000000e+000
  7.7765330e+000  5.3524310e+000  2.6000000e+000
  7.7779910e+000  5.4516360e+000  2.6000000e+000
  7.7794480e+000  5.5508410e+000  2.6000000e+000
  7.7809060e+000  5.6500470e+000  2.6000000e+000
  7.7823640e+000  5.7492520e+000  2.6000000e+000
  7.7062390e+000  5.8471930e+000  2.6000000e+000
  7.7076860e+000  5.9463950e+000  2.6000000e+000
  7.7105790e+000  6.1447990e+000  2.6000000e+000
  7.7896530e+000  6.2452770e+000  2.6000000e+000
  7.7134730e+000  6.3432030e+000  2.6000000e+000
  7.7896530e+000  6.2452770e+000  2.6000000e+000
  7.7105790e+000  6.1447990e+000  2.6000000e+000
  7.7286200e+000 -2.5104800e-001  2.7000000e+000
  7.7299320e+000 -1.4833000e-001  2.7000000e+000
  7.7312450e+000 -4.5612000e-002  2.7000000e+000
  7.8106280e+000  5.6693000e-002  2.7000000e+000
  7.8886990e+000  5.6279000e-002  2.7000000e+000
  7.8119500e+000  1.5941100e-001  2.7000000e+000
  7.8132710e+000  2.6212900e-001  2.7000000e+000
  7.8145930e+000  3.6484700e-001  2.7000000e+000
  7.8159140e+000  4.6756500e-001  2.7000000e+000
  7.8172360e+000  5.7028300e-001  2.7000000e+000
  7.8966820e+000  6.7258900e-001  2.7000000e+000
  7.8185580e+000  6.7300200e-001  2.7000000e+000
  7.7417450e+000  7.7613200e-001  2.7000000e+000
  7.8212010e+000  8.7843800e-001  2.7000000e+000
  7.8993440e+000  8.7802600e-001  2.7000000e+000
  7.8225220e+000  9.8115600e-001  2.7000000e+000
  7.8238440e+000  1.0838740e+000  2.7000000e+000
  7.8251650e+000  1.1865920e+000  2.7000000e+000
  7.9046660e+000  1.2888990e+000  2.7000000e+000
  7.9059970e+000  1.3916180e+000  2.7000000e+000
  7.8291300e+000  1.4947470e+000  2.7000000e+000
  7.8304520e+000  1.5974650e+000  2.7000000e+000
  7.8317730e+000  1.7001830e+000  2.7000000e+000
  7.7548710e+000  1.8033120e+000  2.7000000e+000
  7.7561830e+000  1.9060300e+000  2.7000000e+000
  7.7574960e+000  2.0087480e+000  2.7000000e+000
  7.7588090e+000  2.1114660e+000  2.7000000e+000
  7.7601210e+000  2.2141840e+000  2.7000000e+000
  7.7614340e+000  2.3169020e+000  2.7000000e+000
  7.7627460e+000  2.4196200e+000  2.7000000e+000
  7.7640590e+000  2.5223380e+000  2.7000000e+000
  7.6870750e+000  2.6254650e+000  2.7000000e+000
  7.6883790e+000  2.7281830e+000  2.7000000e+000
  7.6896830e+000  2.8309010e+000  2.7000000e+000
  7.6909860e+000  2.9336190e+000  2.7000000e+000
  7.6139570e+000  3.0367450e+000  2.7000000e+000
  7.6935930e+000  3.1390540e+000  2.7000000e+000
  7.7719340e+000  3.1386460e+000  2.7000000e+000
  7.7732470e+000  3.2413640e+000  2.7000000e+000
  7.7745590e+000  3.3440820e+000  2.7000000e+000
  7.6975040e+000  3.4472080e+000  2.7000000e+000
  7.7771850e+000  3.5495180e+000  2.7000000e+000
  7.7784970e+000  3.6522360e+000  2.7000000e+000
  7.7798100e+000  3.7549540e+000  2.7000000e+000
  7.7027180e+000  3.8580790e+000  2.7000000e+000
  7.7040210e+000  3.9607960e+000  2.7000000e+000
  7.7053250e+000  4.0635140e+000  2.7000000e+000
  7.7066290e+000  4.1662320e+000  2.7000000e+000
  7.7079320e+000  4.2689500e+000  2.7000000e+000
  7.7092360e+000  4.3716680e+000  2.7000000e+000
  7.7105390e+000  4.4743860e+000  2.7000000e+000
  7.7118430e+000  4.5771030e+000  2.7000000e+000
  7.7131460e+000  4.6798210e+000  2.7000000e+000
  7.7144500e+000  4.7825390e+000  2.7000000e+000
  7.7157530e+000  4.8852570e+000  2.7000000e+000
  7.7183610e+000  5.0906920e+000  2.7000000e+000
  7.7196640e+000  5.1934100e+000  2.7000000e+000
  7.7235750e+000  5.5015630e+000  2.7000000e+000
  7.7248780e+000  5.6042810e+000  2.7000000e+000
  7.5042870e+000  1.8584000e-001  2.8000000e+000
  7.5066260e+000  2.8562700e-001  2.8000000e+000
  7.5089640e+000  3.8541400e-001  2.8000000e+000
  7.5113020e+000  4.8520100e-001  2.8000000e+000
  7.5136410e+000  5.8498800e-001  2.8000000e+000
  7.5159790e+000  6.8477500e-001  2.8000000e+000
  7.5183180e+000  7.8456200e-001  2.8000000e+000
  7.5206560e+000  8.8434900e-001  2.8000000e+000
  7.5229940e+000  9.8413600e-001  2.8000000e+000
  7.6032020e+000  1.0845490e+000  2.8000000e+000
  7.5276710e+000  1.1837100e+000  2.8000000e+000
  7.6079040e+000  1.2841430e+000  2.8000000e+000
  7.6102550e+000  1.3839390e+000  2.8000000e+000
  7.5346860e+000  1.4830710e+000  2.8000000e+000
  7.6149580e+000  1.5835330e+000  2.8000000e+000
  7.5393630e+000  1.6826450e+000  2.8000000e+000
  7.5417020e+000  1.7824320e+000  2.8000000e+000
  7.5440400e+000  1.8822190e+000  2.8000000e+000
  7.5463780e+000  1.9820060e+000  2.8000000e+000
  7.5487170e+000  2.0817930e+000  2.8000000e+000
  7.4730450e+000  2.1808480e+000  2.8000000e+000
  7.4753700e+000  2.2806250e+000  2.8000000e+000
  7.4776960e+000  2.3804020e+000  2.8000000e+000
  7.4800210e+000  2.4801800e+000  2.8000000e+000
  7.5604090e+000  2.5807280e+000  2.8000000e+000
  7.4846720e+000  2.6797340e+000  2.8000000e+000
  7.4089100e+000  2.7787210e+000  2.8000000e+000
  7.4112230e+000  2.8784890e+000  2.8000000e+000
  7.4916490e+000  2.9790670e+000  2.8000000e+000
  7.4939740e+000  3.0788440e+000  2.8000000e+000
  7.4963000e+000  3.1786210e+000  2.8000000e+000
  7.4204730e+000  3.2775600e+000  2.8000000e+000
  7.4227860e+000  3.3773280e+000  2.8000000e+000
  7.5032760e+000  3.4779540e+000  2.8000000e+000
  7.4274110e+000  3.5768630e+000  2.8000000e+000
  7.5079270e+000  3.6775080e+000  2.8000000e+000
  7.4320360e+000  3.7763990e+000  2.8000000e+000
  7.4343490e+000  3.8761670e+000  2.8000000e+000
  7.4366620e+000  3.9759340e+000  2.8000000e+000
  7.4389740e+000  4.0757020e+000  2.8000000e+000
  7.4412870e+000  4.1754700e+000  2.8000000e+000
  7.4436000e+000  4.2752380e+000  2.8000000e+000
  7.5242060e+000  4.3759500e+000  2.8000000e+000
  7.4459120e+000  4.3750050e+000  2.8000000e+000
  7.3699180e+000  4.4738190e+000  2.8000000e+000
  7.3722180e+000  4.5735770e+000  2.8000000e+000
  7.3745180e+000  4.6733350e+000  2.8000000e+000
  7.4551630e+000  4.7740760e+000  2.8000000e+000
  7.4574760e+000  4.8738440e+000  2.8000000e+000
  7.4597880e+000  4.9736120e+000  2.8000000e+000
  7.4621010e+000  5.0733790e+000  2.8000000e+000
  7.4644130e+000  5.1731470e+000  2.8000000e+000
  7.4667260e+000  5.2729150e+000  2.8000000e+000
  7.4736640e+000  5.5722180e+000  2.8000000e+000
  7.4782890e+000  5.7717540e+000  2.8000000e+000
  7.4806020e+000  5.8715220e+000  2.8000000e+000
  7.4852270e+000  6.0710570e+000  2.8000000e+000
  7.4643990e+000 -1.1350000e-003  2.9000000e+000
  7.4659010e+000  9.7797000e-002  2.9000000e+000
  7.4674020e+000  1.9672900e-001  2.9000000e+000
  7.4704060e+000  3.9459300e-001  2.9000000e+000
  7.4734090e+000  5.9245800e-001  2.9000000e+000
  7.4749110e+000  6.9139000e-001  2.9000000e+000
  7.4779140e+000  8.8925400e-001  2.9000000e+000
  7.5575550e+000  9.8828600e-001  2.9000000e+000
  7.5590620e+000  1.0872250e+000  2.9000000e+000
  7.5605690e+000  1.1861640e+000  2.9000000e+000
  7.5620760e+000  1.2851030e+000  2.9000000e+000
  7.4854220e+000  1.3839140e+000  2.9000000e+000
  7.4869240e+000  1.4828460e+000  2.9000000e+000
  7.4884260e+000  1.5817790e+000  2.9000000e+000
  7.4899270e+000  1.6807110e+000  2.9000000e+000
  7.4914290e+000  1.7796430e+000  2.9000000e+000
  7.4929300e+000  1.8785750e+000  2.9000000e+000
  7.4162380e+000  1.9773390e+000  2.9000000e+000
  7.4177340e+000  2.0762640e+000  2.9000000e+000
  7.3410260e+000  2.1750090e+000  2.9000000e+000
  7.4207270e+000  2.2741150e+000  2.9000000e+000
  7.3440080e+000  2.3728460e+000  2.9000000e+000
  7.3454980e+000  2.4717640e+000  2.9000000e+000
  7.3469890e+000  2.5706830e+000  2.9000000e+000
  7.3484800e+000  2.6696010e+000  2.9000000e+000
  7.2717330e+000  2.7682980e+000  2.9000000e+000
  7.1949760e+000  2.8669810e+000  2.9000000e+000
  7.2747040e+000  2.9661210e+000  2.9000000e+000
  7.3529520e+000  2.9663570e+000  2.9000000e+000
  7.3544430e+000  3.0652750e+000  2.9000000e+000
  7.2776750e+000  3.1639450e+000  2.9000000e+000
  7.2791600e+000  3.2628570e+000  2.9000000e+000
  7.3589150e+000  3.3620310e+000  2.9000000e+000
  7.3604060e+000  3.4609500e+000  2.9000000e+000
  7.3618970e+000  3.5598680e+000  2.9000000e+000
  7.4416740e+000  3.6590700e+000  2.9000000e+000
  7.3648780e+000  3.7577050e+000  2.9000000e+000
  7.3663690e+000  3.8566240e+000  2.9000000e+000
  7.3678600e+000  3.9555430e+000  2.9000000e+000
  7.3693510e+000  4.0544610e+000  2.9000000e+000
  7.2925280e+000  4.1530630e+000  2.9000000e+000
  7.2940140e+000  4.2519750e+000  2.9000000e+000
  7.2954990e+000  4.3508870e+000  2.9000000e+000
  7.2969840e+000  4.4497980e+000  2.9000000e+000
  7.2984700e+000  4.5487100e+000  2.9000000e+000
  7.2999550e+000  4.6476220e+000  2.9000000e+000
  7.3014400e+000  4.7465340e+000  2.9000000e+000
  7.3044110e+000  4.9443570e+000  2.9000000e+000
  7.3827680e+000  4.9447280e+000  2.9000000e+000
  7.3058960e+000  5.0432690e+000  2.9000000e+000
  7.3073820e+000  5.1421810e+000  2.9000000e+000
  7.3872400e+000  5.2414840e+000  2.9000000e+000
  7.4671100e+000  5.3408000e+000  2.9000000e+000
  7.4686060e+000  5.4397250e+000  2.9000000e+000
  7.4671100e+000  5.3408000e+000  2.9000000e+000
  7.3872400e+000  5.2414840e+000  2.9000000e+000
  7.3103520e+000  5.3400050e+000  2.9000000e+000
  7.3118380e+000  5.4389160e+000  2.9000000e+000
  7.3148080e+000  5.6367400e+000  2.9000000e+000
  7.3162930e+000  5.7356520e+000  2.9000000e+000
  7.3961850e+000  5.8349950e+000  2.9000000e+000
  7.3192640e+000  5.9334750e+000  2.9000000e+000
  7.3207490e+000  6.0323870e+000  2.9000000e+000
  7.3237200e+000  6.2302110e+000  2.9000000e+000
  7.3266910e+000  6.4280340e+000  2.9000000e+000
  7.3296620e+000  6.6258580e+000  2.9000000e+000
  7.3311470e+000  6.7247700e+000  2.9000000e+000
  7.3296620e+000  6.6258580e+000  2.9000000e+000
  7.6078780e+000  4.6217000e-002  3.0000000e+000
  7.6086050e+000  1.4515900e-001  3.0000000e+000
  7.6093320e+000  2.4410000e-001  3.0000000e+000
  7.6100590e+000  3.4304200e-001  3.0000000e+000
  7.6107860e+000  4.4198300e-001  3.0000000e+000
  7.5347090e+000  5.4089300e-001  3.0000000e+000
  7.6122410e+000  6.3986600e-001  3.0000000e+000
  7.6129680e+000  7.3880700e-001  3.0000000e+000
  7.5368300e+000  8.3768600e-001  3.0000000e+000
  7.6144220e+000  9.3669000e-001  3.0000000e+000
  7.6151490e+000  1.0356320e+000  3.0000000e+000
  7.6158760e+000  1.1345730e+000  3.0000000e+000
  7.6166030e+000  1.2335150e+000  3.0000000e+000
  7.6942960e+000  1.3325710e+000  3.0000000e+000
  7.6180570e+000  1.4313980e+000  3.0000000e+000
  7.6187840e+000  1.5303390e+000  3.0000000e+000
  7.5424840e+000  1.6291340e+000  3.0000000e+000
  7.5431910e+000  1.7280650e+000  3.0000000e+000
  7.6209650e+000  1.8271630e+000  3.0000000e+000
  7.5446050e+000  1.9259270e+000  3.0000000e+000
  7.5453120e+000  2.0248580e+000  3.0000000e+000
  7.5460180e+000  2.1237890e+000  3.0000000e+000
  7.4695770e+000  2.2225110e+000  3.0000000e+000
  7.4702630e+000  2.3214320e+000  3.0000000e+000
  7.4709500e+000  2.4203520e+000  3.0000000e+000
  7.4716360e+000  2.5192730e+000  3.0000000e+000
  7.4723230e+000  2.6181930e+000  3.0000000e+000
  7.4730090e+000  2.7171140e+000  3.0000000e+000
  7.3964260e+000  2.8157630e+000  3.0000000e+000
  7.3970920e+000  2.9146730e+000  3.0000000e+000
  7.4750690e+000  3.0138760e+000  3.0000000e+000
  7.5530860e+000  3.1130990e+000  3.0000000e+000
  7.4757560e+000  3.1127960e+000  3.0000000e+000
  7.3990910e+000  3.2114040e+000  3.0000000e+000
  7.4771290e+000  3.3106380e+000  3.0000000e+000
  7.5545000e+000  3.3109610e+000  3.0000000e+000
  7.4778150e+000  3.4095580e+000  3.0000000e+000
  7.4785020e+000  3.5084790e+000  3.0000000e+000
  7.4017570e+000  3.6070450e+000  3.0000000e+000
  7.4798750e+000  3.7063200e+000  3.0000000e+000
  7.4030890e+000  3.8048650e+000  3.0000000e+000
  7.4037550e+000  3.9037750e+000  3.0000000e+000
  7.4044220e+000  4.0026850e+000  3.0000000e+000
  7.4050880e+000  4.1015960e+000  3.0000000e+000
  7.3282010e+000  4.2000880e+000  3.0000000e+000
  7.4064210e+000  4.2994160e+000  3.0000000e+000
  7.3294930e+000  4.3978880e+000  3.0000000e+000
  7.4077530e+000  4.4972360e+000  3.0000000e+000
  7.3307850e+000  4.5956880e+000  3.0000000e+000
  7.3314310e+000  4.6945870e+000  3.0000000e+000
  7.4097520e+000  4.7939670e+000  3.0000000e+000
  7.4104180e+000  4.8928770e+000  3.0000000e+000
  7.4110850e+000  4.9917870e+000  3.0000000e+000
  7.4117510e+000  5.0906980e+000  3.0000000e+000
  7.3346610e+000  5.1890860e+000  3.0000000e+000
  7.4130830e+000  5.2885180e+000  3.0000000e+000
  7.4908600e+000  5.2890500e+000  3.0000000e+000
  7.4915460e+000  5.3879700e+000  3.0000000e+000
  7.4144160e+000  5.4863380e+000  3.0000000e+000
  7.3372450e+000  5.5846850e+000  3.0000000e+000
  7.4157490e+000  5.6841590e+000  3.0000000e+000
  7.3385370e+000  5.7824850e+000  3.0000000e+000
  7.4170810e+000  5.8819790e+000  3.0000000e+000
  7.3398290e+000  5.9802840e+000  3.0000000e+000
  7.3404750e+000  6.0791840e+000  3.0000000e+000
  7.3411210e+000  6.1780840e+000  3.0000000e+000
  7.3417670e+000  6.2769840e+000  3.0000000e+000
  7.6063090e+000 -1.1771400e-001  3.1000000e+000
  7.6835570e+000 -1.5833000e-002  3.1000000e+000
  7.6837450e+000  8.6707000e-002  3.1000000e+000
  7.6839330e+000  1.8924800e-001  3.1000000e+000
  7.6069880e+000  2.9241400e-001  3.1000000e+000
  7.6071580e+000  3.9494700e-001  3.1000000e+000
  7.6073270e+000  4.9747900e-001  3.1000000e+000
  7.6074970e+000  6.0001100e-001  3.1000000e+000
  7.6076670e+000  7.0254300e-001  3.1000000e+000
  7.6850600e+000  8.0449000e-001  3.1000000e+000
  7.6852470e+000  9.0703000e-001  3.1000000e+000
  7.6854350e+000  1.0095710e+000  3.1000000e+000
  7.6856230e+000  1.1121110e+000  3.1000000e+000
  7.6085150e+000  1.2152040e+000  3.1000000e+000
  7.6086850e+000  1.3177360e+000  3.1000000e+000
  7.6088540e+000  1.4202680e+000  3.1000000e+000
  7.6090240e+000  1.5228000e+000  3.1000000e+000
  7.6091930e+000  1.6253320e+000  3.1000000e+000
  7.6093630e+000  1.7278640e+000  3.1000000e+000
  7.5321280e+000  1.8308990e+000  3.1000000e+000
  7.6097030e+000  1.9329280e+000  3.1000000e+000
  7.5324310e+000  2.0359470e+000  3.1000000e+000
  7.5325820e+000  2.1384700e+000  3.1000000e+000
  7.5327340e+000  2.2409940e+000  3.1000000e+000
  7.5328850e+000  2.3435180e+000  3.1000000e+000
  7.5330370e+000  2.4460420e+000  3.1000000e+000
  7.5331880e+000  2.5485660e+000  3.1000000e+000
  7.5333400e+000  2.6510900e+000  3.1000000e+000
  7.5334910e+000  2.7536140e+000  3.1000000e+000
  7.5336430e+000  2.8561380e+000  3.1000000e+000
  7.4561890e+000  2.9590730e+000  3.1000000e+000
  7.5339460e+000  3.0611850e+000  3.1000000e+000
  7.5340970e+000  3.1637090e+000  3.1000000e+000
  7.5342490e+000  3.2662330e+000  3.1000000e+000
  7.5344000e+000  3.3687570e+000  3.1000000e+000
  7.5345520e+000  3.4712810e+000  3.1000000e+000
  7.5347030e+000  3.5738050e+000  3.1000000e+000
  7.5348550e+000  3.6763280e+000  3.1000000e+000
  7.5350060e+000  3.7788520e+000  3.1000000e+000
  7.5351580e+000  3.8813760e+000  3.1000000e+000
  7.5353090e+000  3.9839000e+000  3.1000000e+000
  7.4576560e+000  4.0867450e+000  3.1000000e+000
  7.4577890e+000  4.1892610e+000  3.1000000e+000
  7.4579220e+000  4.2917760e+000  3.1000000e+000
  7.4580560e+000  4.3942920e+000  3.1000000e+000
  7.3803120e+000  4.4970960e+000  3.1000000e+000
  7.3804270e+000  4.5996030e+000  3.1000000e+000
  7.3805420e+000  4.7021110e+000  3.1000000e+000
  7.4585890e+000  4.8043540e+000  3.1000000e+000
  7.3807720e+000  4.9071250e+000  3.1000000e+000
  7.4588560e+000  5.0093860e+000  3.1000000e+000
  7.4589890e+000  5.1119010e+000  3.1000000e+000
  7.4591220e+000  5.2144170e+000  3.1000000e+000
  7.4592560e+000  5.3169330e+000  3.1000000e+000
  7.4593890e+000  5.4194480e+000  3.1000000e+000
  7.3814630e+000  5.5221700e+000  3.1000000e+000
  7.4596560e+000  5.6244790e+000  3.1000000e+000
  7.4597890e+000  5.7269950e+000  3.1000000e+000
  7.4599220e+000  5.8295110e+000  3.1000000e+000
  7.3819240e+000  5.9321990e+000  3.1000000e+000
  7.3820390e+000  6.0347060e+000  3.1000000e+000
  7.3821540e+000  6.1372140e+000  3.1000000e+000
  7.3822690e+000  6.2397210e+000  3.1000000e+000
  7.3825000e+000  6.4447360e+000  3.1000000e+000
  7.4607220e+000  6.4446040e+000  3.1000000e+000
  7.3825000e+000  6.4447360e+000  3.1000000e+000
  7.3827300e+000  6.6497510e+000  3.1000000e+000
