  1.0397414e+001  1.2346200e+000  2.2000000e+000
  1.0398903e+001  1.3339410e+000  2.2000000e+000
  1.0400392e+001  1.4332610e+000  2.2000000e+000
  1.0401881e+001  1.5325810e+000  2.2000000e+000
  1.0481217e+001  1.6321260e+000  2.2000000e+000
  1.0560577e+001  1.7316810e+000  2.2000000e+000
  1.0639960e+001  1.8312460e+000  2.2000000e+000
  1.0562090e+001  1.8310110e+000  2.2000000e+000
  1.0485721e+001  1.9301010e+000  2.2000000e+000
  1.0565116e+001  2.0296710e+000  2.2000000e+000
  1.0643010e+001  2.0299160e+000  2.2000000e+000
  1.0722441e+001  2.1295020e+000  2.2000000e+000
  1.0646060e+001  2.2285870e+000  2.2000000e+000
  1.0647585e+001  2.3279220e+000  2.2000000e+000
  1.0727051e+001  2.4275220e+000  2.2000000e+000
  1.0650634e+001  2.5265920e+000  2.2000000e+000
  1.0652159e+001  2.6259270e+000  2.2000000e+000
  1.0653684e+001  2.7252620e+000  2.2000000e+000
  1.0577220e+001  2.8243120e+000  2.2000000e+000
  1.0578733e+001  2.9236420e+000  2.2000000e+000
  1.0658259e+001  3.0232670e+000  2.2000000e+000
  1.0581759e+001  3.1223020e+000  2.2000000e+000
  1.0661309e+001  3.2219380e+000  2.2000000e+000
  1.0662834e+001  3.3212730e+000  2.2000000e+000
  1.0586298e+001  3.4202920e+000  2.2000000e+000
  1.0665883e+001  3.5199430e+000  2.2000000e+000
  1.0667408e+001  3.6192780e+000  2.2000000e+000
  1.0668933e+001  3.7186130e+000  2.2000000e+000
  1.0670458e+001  3.8179480e+000  2.2000000e+000
  1.0671983e+001  3.9172830e+000  2.2000000e+000
  1.0673508e+001  4.0166180e+000  2.2000000e+000
  1.0753176e+001  4.1163040e+000  2.2000000e+000
  1.0754713e+001  4.2156440e+000  2.2000000e+000
  1.0678083e+001  4.3146240e+000  2.2000000e+000
  1.0757787e+001  4.4143240e+000  2.2000000e+000
  1.0837514e+001  4.5140350e+000  2.2000000e+000
  1.0915705e+001  4.5144060e+000  2.2000000e+000
  1.0839063e+001  4.6133800e+000  2.2000000e+000
  1.0918826e+001  4.7131060e+000  2.2000000e+000
  1.0920387e+001  4.8124560e+000  2.2000000e+000
  1.0921947e+001  4.9118060e+000  2.2000000e+000
  1.0923508e+001  5.0111570e+000  2.2000000e+000
  1.0925069e+001  5.1105070e+000  2.2000000e+000
  1.0926629e+001  5.2098570e+000  2.2000000e+000
  1.0928190e+001  5.3092070e+000  2.2000000e+000
  1.0929750e+001  5.4085570e+000  2.2000000e+000
  1.0931311e+001  5.5079070e+000  2.2000000e+000
  1.0932871e+001  5.6072570e+000  2.2000000e+000
  1.0934432e+001  5.7066070e+000  2.2000000e+000
  1.0935992e+001  5.8059580e+000  2.2000000e+000
  1.0937553e+001  5.9053080e+000  2.2000000e+000
  1.0939113e+001  6.0046580e+000  2.2000000e+000
  1.1019055e+001  6.1044590e+000  2.2000000e+000
  1.0939113e+001  6.0046580e+000  2.2000000e+000
  1.0862293e+001  6.1035570e+000  2.2000000e+000
  1.0863842e+001  6.2029020e+000  2.2000000e+000
  1.0865390e+001  6.3022480e+000  2.2000000e+000
  1.0866939e+001  6.4015930e+000  2.2000000e+000
  1.0445860e+001  1.8171870e+000  2.3000000e+000
  1.0450418e+001  2.0168560e+000  2.3000000e+000
  1.0452697e+001  2.1166910e+000  2.3000000e+000
  1.0454976e+001  2.2165260e+000  2.3000000e+000
  1.0379108e+001  2.3154000e+000  2.3000000e+000
  1.0303218e+001  2.4142730e+000  2.3000000e+000
  1.0383645e+001  2.5150680e+000  2.3000000e+000
  1.0461814e+001  2.5160300e+000  2.3000000e+000
  1.0383645e+001  2.5150680e+000  2.3000000e+000
  1.0307732e+001  2.6139390e+000  2.3000000e+000
  1.0309989e+001  2.7137710e+000  2.3000000e+000
  1.0312246e+001  2.8136040e+000  2.3000000e+000
  1.0314503e+001  2.9134370e+000  2.3000000e+000
  1.0238535e+001  3.0123030e+000  2.3000000e+000
  1.0319017e+001  3.1131030e+000  2.3000000e+000
  1.0321274e+001  3.2129360e+000  2.3000000e+000
  1.0323531e+001  3.3127690e+000  2.3000000e+000
  1.0325788e+001  3.4126020e+000  2.3000000e+000
  1.0406326e+001  3.5134060e+000  2.3000000e+000
  1.0330302e+001  3.6122670e+000  2.3000000e+000
  1.0410862e+001  3.7130740e+000  2.3000000e+000
  1.0413130e+001  3.8129080e+000  2.3000000e+000
  1.0415398e+001  3.9127410e+000  2.3000000e+000
  1.0417666e+001  4.0125750e+000  2.3000000e+000
  1.0419934e+001  4.1124090e+000  2.3000000e+000
  1.0500560e+001  4.2132210e+000  2.3000000e+000
  1.0502839e+001  4.3130560e+000  2.3000000e+000
  1.0583499e+001  4.4138700e+000  2.3000000e+000
  1.0661879e+001  4.4148510e+000  2.3000000e+000
  1.0664180e+001  4.5146870e+000  2.3000000e+000
  1.0588079e+001  4.6135420e+000  2.3000000e+000
  1.0511956e+001  4.7123950e+000  2.3000000e+000
  1.0592660e+001  4.8132130e+000  2.3000000e+000
  1.0673385e+001  4.9140340e+000  2.3000000e+000
  1.0675687e+001  5.0138700e+000  2.3000000e+000
  1.0677988e+001  5.1137070e+000  2.3000000e+000
  1.0601821e+001  5.2125560e+000  2.3000000e+000
  1.0682591e+001  5.3133800e+000  2.3000000e+000
  1.0684892e+001  5.4132170e+000  2.3000000e+000
  1.0687194e+001  5.5130530e+000  2.3000000e+000
  1.0610982e+001  5.6118990e+000  2.3000000e+000
  1.0691796e+001  5.7127270e+000  2.3000000e+000
  1.0694098e+001  5.8125630e+000  2.3000000e+000
  1.0696399e+001  5.9124000e+000  2.3000000e+000
  1.0698700e+001  6.0122370e+000  2.3000000e+000
  1.0701002e+001  6.1120730e+000  2.3000000e+000
  1.0624724e+001  6.2109130e+000  2.3000000e+000
  1.0629304e+001  6.4105840e+000  2.3000000e+000
  1.0630616e+001  1.6188120e+000  2.4000000e+000
  1.0629948e+001  1.5162230e+000  2.4000000e+000
  1.0629280e+001  1.4136350e+000  2.4000000e+000
  1.0707803e+001  1.5161880e+000  2.4000000e+000
  1.0785658e+001  1.5161520e+000  2.4000000e+000
  1.0707803e+001  1.5161880e+000  2.4000000e+000
  1.0630616e+001  1.6188120e+000  2.4000000e+000
  1.0631952e+001  1.8239890e+000  2.4000000e+000
  1.0709840e+001  1.8239530e+000  2.4000000e+000
  1.0710519e+001  1.9265410e+000  2.4000000e+000
  1.0711198e+001  2.0291290e+000  2.4000000e+000
  1.0711877e+001  2.1317180e+000  2.4000000e+000
  1.0712555e+001  2.2343060e+000  2.4000000e+000
  1.0713234e+001  2.3368940e+000  2.4000000e+000
  1.0713913e+001  2.4394830e+000  2.4000000e+000
  1.0635962e+001  2.4395220e+000  2.4000000e+000
  1.0558668e+001  2.5421490e+000  2.4000000e+000
  1.0559326e+001  2.6447390e+000  2.4000000e+000
  1.0559983e+001  2.7473280e+000  2.4000000e+000
  1.0560641e+001  2.8499170e+000  2.4000000e+000
  1.0561298e+001  2.9525060e+000  2.4000000e+000
  1.0561956e+001  3.0550950e+000  2.4000000e+000
  1.0562614e+001  3.1576840e+000  2.4000000e+000
  1.0563271e+001  3.2602730e+000  2.4000000e+000
  1.0563929e+001  3.3628620e+000  2.4000000e+000
  1.0642644e+001  3.4654080e+000  2.4000000e+000
  1.0643313e+001  3.5679970e+000  2.4000000e+000
  1.0643981e+001  3.6705860e+000  2.4000000e+000
  1.0644649e+001  3.7731750e+000  2.4000000e+000
  1.0645317e+001  3.8757630e+000  2.4000000e+000
  1.0645986e+001  3.9783520e+000  2.4000000e+000
  1.0646654e+001  4.0809410e+000  2.4000000e+000
  1.0647322e+001  4.1835290e+000  2.4000000e+000
  1.0726134e+001  4.2860720e+000  2.4000000e+000
  1.0804967e+001  4.3886140e+000  2.4000000e+000
  1.0805656e+001  4.4912020e+000  2.4000000e+000
  1.0884522e+001  4.5937430e+000  2.4000000e+000
  1.0963408e+001  4.6962840e+000  2.4000000e+000
  1.0885222e+001  4.6963310e+000  2.4000000e+000
  1.0807725e+001  4.7989660e+000  2.4000000e+000
  1.0886622e+001  4.9015060e+000  2.4000000e+000
  1.0809104e+001  5.0041420e+000  2.4000000e+000
  1.0809794e+001  5.1067300e+000  2.4000000e+000
  1.0888723e+001  5.2092690e+000  2.4000000e+000
  1.0811173e+001  5.3119060e+000  2.4000000e+000
  1.0811863e+001  5.4144940e+000  2.4000000e+000
  1.0812552e+001  5.5170820e+000  2.4000000e+000
  1.0813242e+001  5.6196700e+000  2.4000000e+000
  1.0813932e+001  5.7222580e+000  2.4000000e+000
  1.0892925e+001  5.8247940e+000  2.4000000e+000
  1.0893625e+001  5.9273820e+000  2.4000000e+000
  1.0894325e+001  6.0299690e+000  2.4000000e+000
  1.0895026e+001  6.1325570e+000  2.4000000e+000
  1.0895726e+001  6.2351440e+000  2.4000000e+000
  1.0667328e+001  1.7121390e+000  2.5000000e+000
  1.0667312e+001  1.8131840e+000  2.5000000e+000
  1.0667296e+001  1.9142300e+000  2.5000000e+000
  1.0745393e+001  2.0146690e+000  2.5000000e+000
  1.0745388e+001  2.1157230e+000  2.5000000e+000
  1.0745384e+001  2.2167780e+000  2.5000000e+000
  1.0667233e+001  2.3184110e+000  2.5000000e+000
  1.0745375e+001  2.4188870e+000  2.5000000e+000
  1.0745370e+001  2.5199410e+000  2.5000000e+000
  1.0667201e+001  2.5205030e+000  2.5000000e+000
  1.0589005e+001  2.6221000e+000  2.5000000e+000
  1.0588977e+001  2.7231360e+000  2.5000000e+000
  1.0510747e+001  2.8247070e+000  2.5000000e+000
  1.0510709e+001  2.9257340e+000  2.5000000e+000
  1.0510670e+001  3.0267620e+000  2.5000000e+000
  1.0510631e+001  3.1277890e+000  2.5000000e+000
  1.0510593e+001  3.2288170e+000  2.5000000e+000
  1.0510554e+001  3.3298440e+000  2.5000000e+000
  1.0510516e+001  3.4308710e+000  2.5000000e+000
  1.0510477e+001  3.5318990e+000  2.5000000e+000
  1.0510439e+001  3.6329260e+000  2.5000000e+000
  1.0588705e+001  3.7335010e+000  2.5000000e+000
  1.0588678e+001  3.8345380e+000  2.5000000e+000
  1.0588651e+001  3.9355740e+000  2.5000000e+000
  1.0588623e+001  4.0366110e+000  2.5000000e+000
  1.0588596e+001  4.1376470e+000  2.5000000e+000
  1.0588569e+001  4.2386830e+000  2.5000000e+000
  1.0666915e+001  4.3393210e+000  2.5000000e+000
  1.0666899e+001  4.4403670e+000  2.5000000e+000
  1.0666883e+001  4.5414120e+000  2.5000000e+000
  1.0745274e+001  4.6420860e+000  2.5000000e+000
  1.0745269e+001  4.7431410e+000  2.5000000e+000
  1.0823694e+001  4.8438420e+000  2.5000000e+000
  1.0902106e+001  4.7424160e+000  2.5000000e+000
  1.0902088e+001  4.6413430e+000  2.5000000e+000
  1.0902106e+001  4.7424160e+000  2.5000000e+000
  1.0823694e+001  4.8438420e+000  2.5000000e+000
  1.0902142e+001  4.9445610e+000  2.5000000e+000
  1.0902160e+001  5.0456340e+000  2.5000000e+000
  1.0902178e+001  5.1467060e+000  2.5000000e+000
  1.0823721e+001  5.2480960e+000  2.5000000e+000
  1.0823728e+001  5.3491600e+000  2.5000000e+000
  1.0823735e+001  5.4502230e+000  2.5000000e+000
  1.0823742e+001  5.5512870e+000  2.5000000e+000
  1.0823749e+001  5.6523500e+000  2.5000000e+000
  1.0823755e+001  5.7534140e+000  2.5000000e+000
  1.0823762e+001  5.8544770e+000  2.5000000e+000
  1.0823769e+001  5.9555410e+000  2.5000000e+000
  1.0823776e+001  6.0566040e+000  2.5000000e+000
  1.0823782e+001  6.1576680e+000  2.5000000e+000
  1.0823789e+001  6.2587310e+000  2.5000000e+000
  1.0745196e+001  6.3600130e+000  2.5000000e+000
  1.0823803e+001  6.4608580e+000  2.5000000e+000
  1.0745187e+001  6.5621220e+000  2.5000000e+000
  1.0666565e+001  6.5623220e+000  2.5000000e+000
  1.0587943e+001  6.5625230e+000  2.5000000e+000
  1.0509282e+001  6.6637500e+000  2.5000000e+000
  1.0509243e+001  6.7647780e+000  2.5000000e+000
  1.0509205e+001  6.8658050e+000  2.5000000e+000
  1.0430499e+001  6.9669970e+000  2.5000000e+000
  1.0430449e+001  7.0680150e+000  2.5000000e+000
  1.0430399e+001  7.1690340e+000  2.5000000e+000
  1.0430349e+001  7.2700520e+000  2.5000000e+000
  1.0509012e+001  7.3709430e+000  2.5000000e+000
  1.0430299e+001  7.3710710e+000  2.5000000e+000
  1.0576288e+001  1.7236760e+000  2.6000000e+000
  1.0578147e+001  1.8229980e+000  2.6000000e+000
  1.0580007e+001  1.9223200e+000  2.6000000e+000
  1.0581867e+001  2.0216420e+000  2.6000000e+000
  1.0504707e+001  2.0205020e+000  2.6000000e+000
  1.0429386e+001  2.1186780e+000  2.6000000e+000
  1.0508405e+001  2.2191400e+000  2.6000000e+000
  1.0431224e+001  2.2179940e+000  2.6000000e+000
  1.0355869e+001  2.3161600e+000  2.6000000e+000
  1.0357697e+001  2.4154730e+000  2.6000000e+000
  1.0359524e+001  2.5147850e+000  2.6000000e+000
  1.0438575e+001  2.6152570e+000  2.6000000e+000
  1.0440413e+001  2.7145730e+000  2.6000000e+000
  1.0442251e+001  2.8138890e+000  2.6000000e+000
  1.0444089e+001  2.9132040e+000  2.6000000e+000
  1.0445927e+001  3.0125200e+000  2.6000000e+000
  1.0447765e+001  3.1118360e+000  2.6000000e+000
  1.0449603e+001  3.2111520e+000  2.6000000e+000
  1.0451441e+001  3.3104680e+000  2.6000000e+000
  1.0453278e+001  3.4097830e+000  2.6000000e+000
  1.0377794e+001  3.5079120e+000  2.6000000e+000
  1.0456954e+001  3.6084150e+000  2.6000000e+000
  1.0458792e+001  3.7077310e+000  2.6000000e+000
  1.0460630e+001  3.8070470e+000  2.6000000e+000
  1.0539834e+001  3.9075630e+000  2.6000000e+000
  1.0617199e+001  3.9087630e+000  2.6000000e+000
  1.0619059e+001  4.0080850e+000  2.6000000e+000
  1.0543531e+001  4.1062010e+000  2.6000000e+000
  1.0622778e+001  4.2067290e+000  2.6000000e+000
  1.0700177e+001  4.2079390e+000  2.6000000e+000
  1.0702047e+001  4.3072640e+000  2.6000000e+000
  1.0781338e+001  4.4078060e+000  2.6000000e+000
  1.0705788e+001  4.5059150e+000  2.6000000e+000
  1.0785100e+001  4.6064630e+000  2.6000000e+000
  1.0786982e+001  4.7057910e+000  2.6000000e+000
  1.0711400e+001  4.8038910e+000  2.6000000e+000
  1.0790744e+001  4.9044480e+000  2.6000000e+000
  1.0792626e+001  5.0037760e+000  2.6000000e+000
  1.0794507e+001  5.1031050e+000  2.6000000e+000
  1.0796388e+001  5.2024330e+000  2.6000000e+000
  1.0720752e+001  5.3005170e+000  2.6000000e+000
  1.0722622e+001  5.3998430e+000  2.6000000e+000
  1.0724493e+001  5.4991680e+000  2.6000000e+000
  1.0803914e+001  5.5997470e+000  2.6000000e+000
  1.0805795e+001  5.6990760e+000  2.6000000e+000
  1.0807677e+001  5.7984040e+000  2.6000000e+000
  1.0809558e+001  5.8977330e+000  2.6000000e+000
  1.0811439e+001  5.9970610e+000  2.6000000e+000
  1.0813321e+001  6.0963890e+000  2.6000000e+000
  1.0815202e+001  6.1957180e+000  2.6000000e+000
  1.0725729e+001  1.6849850e+000  2.7000000e+000
  1.0727384e+001  1.7877100e+000  2.7000000e+000
  1.0650806e+001  1.8908460e+000  2.7000000e+000
  1.0652452e+001  1.9935710e+000  2.7000000e+000
  1.0654098e+001  2.0962960e+000  2.7000000e+000
  1.0577484e+001  2.1994300e+000  2.7000000e+000
  1.0579121e+001  2.3021550e+000  2.7000000e+000
  1.0500852e+001  2.3025650e+000  2.7000000e+000
  1.0424202e+001  2.4056990e+000  2.7000000e+000
  1.0425821e+001  2.5084230e+000  2.7000000e+000
  1.0505737e+001  2.6107380e+000  2.7000000e+000
  1.0429060e+001  2.7138720e+000  2.7000000e+000
  1.0430679e+001  2.8165960e+000  2.7000000e+000
  1.0432298e+001  2.9193200e+000  2.7000000e+000
  1.0433917e+001  3.0220450e+000  2.7000000e+000
  1.0435536e+001  3.1247690e+000  2.7000000e+000
  1.0437155e+001  3.2274930e+000  2.7000000e+000
  1.0438774e+001  3.3302180e+000  2.7000000e+000
  1.0440393e+001  3.4329420e+000  2.7000000e+000
  1.0520389e+001  3.5352590e+000  2.7000000e+000
  1.0443631e+001  3.6383910e+000  2.7000000e+000
  1.0523646e+001  3.7407080e+000  2.7000000e+000
  1.0602041e+001  3.7403010e+000  2.7000000e+000
  1.0603678e+001  3.8430260e+000  2.7000000e+000
  1.0683728e+001  3.9453440e+000  2.7000000e+000
  1.0685375e+001  4.0480690e+000  2.7000000e+000
  1.0765452e+001  4.1503870e+000  2.7000000e+000
  1.0688667e+001  4.2535190e+000  2.7000000e+000
  1.0690313e+001  4.3562430e+000  2.7000000e+000
  1.0691959e+001  4.4589680e+000  2.7000000e+000
  1.0772073e+001  4.5612880e+000  2.7000000e+000
  1.0848876e+001  4.4581570e+000  2.7000000e+000
  1.0772073e+001  4.5612880e+000  2.7000000e+000
  1.0773728e+001  4.6640130e+000  2.7000000e+000
  1.0853868e+001  4.7663330e+000  2.7000000e+000
  1.0855532e+001  4.8690580e+000  2.7000000e+000
  1.0778693e+001  4.9721880e+000  2.7000000e+000
  1.0701836e+001  5.0753180e+000  2.7000000e+000
  1.0782003e+001  5.1776380e+000  2.7000000e+000
  1.0705128e+001  5.2807680e+000  2.7000000e+000
  1.0785314e+001  5.3830890e+000  2.7000000e+000
  1.0786969e+001  5.4858140e+000  2.7000000e+000
  1.0788624e+001  5.5885390e+000  2.7000000e+000
  1.0790279e+001  5.6912640e+000  2.7000000e+000
  1.0791934e+001  5.7939890e+000  2.7000000e+000
  1.0793589e+001  5.8967140e+000  2.7000000e+000
  1.0795245e+001  5.9994390e+000  2.7000000e+000
  1.0798555e+001  6.2048890e+000  2.7000000e+000
  1.0428997e+001  1.9082550e+000  2.8000000e+000
  1.0353827e+001  2.0076850e+000  2.8000000e+000
  1.0356629e+001  2.1078200e+000  2.8000000e+000
  1.0359431e+001  2.2079540e+000  2.8000000e+000
  1.0281420e+001  2.2072210e+000  2.8000000e+000
  1.0206186e+001  2.3066030e+000  2.8000000e+000
  1.0286998e+001  2.4074700e+000  2.8000000e+000
  1.0211738e+001  2.5068330e+000  2.8000000e+000
  1.0292577e+001  2.6077190e+000  2.8000000e+000
  1.0211738e+001  2.5068330e+000  2.8000000e+000
  1.0136453e+001  2.6061770e+000  2.8000000e+000
  1.0139216e+001  2.7062820e+000  2.8000000e+000
  1.0141979e+001  2.8063880e+000  2.8000000e+000
  1.0144743e+001  2.9064930e+000  2.8000000e+000
  1.0147506e+001  3.0065980e+000  2.8000000e+000
  1.0150269e+001  3.1067030e+000  2.8000000e+000
  1.0153033e+001  3.2068090e+000  2.8000000e+000
  1.0155796e+001  3.3069140e+000  2.8000000e+000
  1.0158559e+001  3.4070190e+000  2.8000000e+000
  1.0161323e+001  3.5071240e+000  2.8000000e+000
  1.0164086e+001  3.6072300e+000  2.8000000e+000
  1.0166850e+001  3.7073350e+000  2.8000000e+000
  1.0169613e+001  3.8074400e+000  2.8000000e+000
  1.0250606e+001  3.9084420e+000  2.8000000e+000
  1.0331624e+001  4.0094630e+000  2.8000000e+000
  1.0409866e+001  4.0103690e+000  2.8000000e+000
  1.0412668e+001  4.1105040e+000  2.8000000e+000
  1.0493738e+001  4.2115630e+000  2.8000000e+000
  1.0496553e+001  4.3117070e+000  2.8000000e+000
  1.0499368e+001  4.4118510e+000  2.8000000e+000
  1.0502183e+001  4.5119950e+000  2.8000000e+000
  1.0504998e+001  4.6121390e+000  2.8000000e+000
  1.0586145e+001  4.7132560e+000  2.8000000e+000
  1.0588973e+001  4.8134090e+000  2.8000000e+000
  1.0591800e+001  4.9135630e+000  2.8000000e+000
  1.0516257e+001  5.0127140e+000  2.8000000e+000
  1.0597456e+001  5.1138700e+000  2.8000000e+000
  1.0521887e+001  5.2130020e+000  2.8000000e+000
  1.0603111e+001  5.3141770e+000  2.8000000e+000
  1.0527516e+001  5.4132890e+000  2.8000000e+000
  1.0530331e+001  5.5134330e+000  2.8000000e+000
  1.0533146e+001  5.6135770e+000  2.8000000e+000
  1.0535961e+001  5.7137210e+000  2.8000000e+000
  1.0538776e+001  5.8138650e+000  2.8000000e+000
  1.0541591e+001  5.9140080e+000  2.8000000e+000
  1.0465906e+001  6.0130530e+000  2.8000000e+000
  1.0547220e+001  6.1142960e+000  2.8000000e+000
  1.0471510e+001  6.2133220e+000  2.8000000e+000
  1.0392984e+001  6.2122030e+000  2.8000000e+000
  1.0317235e+001  6.3112000e+000  2.8000000e+000
  1.0320011e+001  6.4113150e+000  2.8000000e+000
  1.0322787e+001  6.5114300e+000  2.8000000e+000
  1.0404141e+001  6.6127020e+000  2.8000000e+000
  1.0325564e+001  6.6115450e+000  2.8000000e+000
  1.0249750e+001  6.7104930e+000  2.8000000e+000
  1.0252513e+001  6.8105980e+000  2.8000000e+000
  1.0255277e+001  6.9107040e+000  2.8000000e+000
  1.0224446e+001  1.5867030e+000  2.9000000e+000
  1.0227830e+001  1.7850410e+000  2.9000000e+000
  1.0229522e+001  1.8842100e+000  2.9000000e+000
  1.0231214e+001  1.9833790e+000  2.9000000e+000
  1.0311105e+001  2.0827220e+000  2.9000000e+000
  1.0234598e+001  2.1817170e+000  2.9000000e+000
  1.0314500e+001  2.2810740e+000  2.9000000e+000
  1.0316197e+001  2.3802500e+000  2.9000000e+000
  1.0237982e+001  2.3800550e+000  2.9000000e+000
  1.0161453e+001  2.4790220e+000  2.9000000e+000
  1.0163139e+001  2.5781840e+000  2.9000000e+000
  1.0164826e+001  2.6773460e+000  2.9000000e+000
  1.0086594e+001  2.6771310e+000  2.9000000e+000
  1.0010038e+001  2.7760650e+000  2.9000000e+000
  1.0011713e+001  2.8752130e+000  2.9000000e+000
  9.9351410e+000  2.9741270e+000  2.9000000e+000
  1.0015065e+001  3.0735100e+000  2.9000000e+000
  1.0093318e+001  3.0737530e+000  2.9000000e+000
  1.0173259e+001  3.1731570e+000  2.9000000e+000
  1.0093318e+001  3.0737530e+000  2.9000000e+000
  1.0016741e+001  3.1726590e+000  2.9000000e+000
  1.0018416e+001  3.2718080e+000  2.9000000e+000
  1.0020092e+001  3.3709570e+000  2.9000000e+000
  1.0021768e+001  3.4701050e+000  2.9000000e+000
  1.0023443e+001  3.5692540e+000  2.9000000e+000
  1.0025119e+001  3.6684020e+000  2.9000000e+000
  1.0026795e+001  3.7675510e+000  2.9000000e+000
  1.0028470e+001  3.8667000e+000  2.9000000e+000
  1.0108448e+001  3.9661510e+000  2.9000000e+000
  1.0188438e+001  4.0656170e+000  2.9000000e+000
  1.0268438e+001  4.1650950e+000  2.9000000e+000
  1.0191811e+001  4.2639410e+000  2.9000000e+000
  1.0271822e+001  4.3634330e+000  2.9000000e+000
  1.0350146e+001  4.3637640e+000  2.9000000e+000
  1.0430173e+001  4.4632760e+000  2.9000000e+000
  1.0431876e+001  4.5624590e+000  2.9000000e+000
  1.0433579e+001  4.6616410e+000  2.9000000e+000
  1.0435282e+001  4.7608240e+000  2.9000000e+000
  1.0515336e+001  4.8603700e+000  2.9000000e+000
  1.0517044e+001  4.9595590e+000  2.9000000e+000
  1.0440390e+001  5.0583710e+000  2.9000000e+000
  1.0442093e+001  5.1575530e+000  2.9000000e+000
  1.0443796e+001  5.2567360e+000  2.9000000e+000
  1.0445499e+001  5.3559180e+000  2.9000000e+000
  1.0368818e+001  5.4546960e+000  2.9000000e+000
  1.0448905e+001  5.5542830e+000  2.9000000e+000
  1.0372212e+001  5.6530480e+000  2.9000000e+000
  1.0373910e+001  5.7522230e+000  2.9000000e+000
  1.0375607e+001  5.8513990e+000  2.9000000e+000
  1.0377305e+001  5.9505750e+000  2.9000000e+000
  1.0379002e+001  6.0497510e+000  2.9000000e+000
  1.0380700e+001  6.1489260e+000  2.9000000e+000
  1.0303969e+001  6.2476430e+000  2.9000000e+000
  1.0384095e+001  6.3472780e+000  2.9000000e+000
  1.0462528e+001  6.3477430e+000  2.9000000e+000
  1.0385792e+001  6.4464530e+000  2.9000000e+000
  1.0309045e+001  6.5451500e+000  2.9000000e+000
  1.0232288e+001  6.6438330e+000  2.9000000e+000
  1.0233975e+001  6.7429950e+000  2.9000000e+000
  1.0314121e+001  6.8426570e+000  2.9000000e+000
  1.0237348e+001  6.9413190e+000  2.9000000e+000
  1.0239034e+001  7.0404820e+000  2.9000000e+000
  1.0242407e+001  7.2388060e+000  2.9000000e+000
  1.0316888e+001  1.7337140e+000  3.0000000e+000
  1.0318324e+001  1.8330200e+000  3.0000000e+000
  1.0319760e+001  1.9323260e+000  3.0000000e+000
  1.0321196e+001  2.0316320e+000  3.0000000e+000
  1.0322632e+001  2.1309380e+000  3.0000000e+000
  1.0401217e+001  2.2304530e+000  3.0000000e+000
  1.0325504e+001  2.3295500e+000  3.0000000e+000
  1.0249751e+001  2.4286260e+000  3.0000000e+000
  1.0172562e+001  2.4283960e+000  3.0000000e+000
  1.0096749e+001  2.5274410e+000  3.0000000e+000
  1.0175353e+001  2.6269660e+000  3.0000000e+000
  1.0099499e+001  2.7259910e+000  3.0000000e+000
  1.0100875e+001  2.8252650e+000  3.0000000e+000
  1.0102250e+001  2.9245400e+000  3.0000000e+000
  1.0026315e+001  3.0235220e+000  3.0000000e+000
  1.0105000e+001  3.1230890e+000  3.0000000e+000
  1.0029025e+001  3.2220510e+000  3.0000000e+000
  1.0107751e+001  3.3216390e+000  3.0000000e+000
  1.0186518e+001  3.4212480e+000  3.0000000e+000
  1.0110502e+001  3.5201880e+000  3.0000000e+000
  1.0111877e+001  3.6194630e+000  3.0000000e+000
  1.0113252e+001  3.7187380e+000  3.0000000e+000
  1.0114627e+001  3.8180130e+000  3.0000000e+000
  1.0193496e+001  3.9176730e+000  3.0000000e+000
  1.0272404e+001  4.0173550e+000  3.0000000e+000
  1.0196287e+001  4.1162440e+000  3.0000000e+000
  1.0275236e+001  4.2159460e+000  3.0000000e+000
  1.0354225e+001  4.3156690e+000  3.0000000e+000
  1.0431799e+001  4.3160970e+000  3.0000000e+000
  1.0507896e+001  4.2171980e+000  3.0000000e+000
  1.0431799e+001  4.3160970e+000  3.0000000e+000
  1.0433255e+001  4.4154130e+000  3.0000000e+000
  1.0512326e+001  4.5151780e+000  3.0000000e+000
  1.0591437e+001  4.6149640e+000  3.0000000e+000
  1.0515279e+001  4.7138320e+000  3.0000000e+000
  1.0594431e+001  4.8136390e+000  3.0000000e+000
  1.0595928e+001  4.9129760e+000  3.0000000e+000
  1.0597425e+001  5.0123130e+000  3.0000000e+000
  1.0598921e+001  5.1116500e+000  3.0000000e+000
  1.0522662e+001  5.2104660e+000  3.0000000e+000
  1.0524139e+001  5.3097930e+000  3.0000000e+000
  1.0447819e+001  5.4085770e+000  3.0000000e+000
  1.0449275e+001  5.5078940e+000  3.0000000e+000
  1.0450731e+001  5.6072100e+000  3.0000000e+000
  1.0452188e+001  5.7065270e+000  3.0000000e+000
  1.0453644e+001  5.8058430e+000  3.0000000e+000
  1.0377202e+001  5.9045650e+000  3.0000000e+000
  1.0456556e+001  6.0044760e+000  3.0000000e+000
  1.0380074e+001  6.1031770e+000  3.0000000e+000
  1.0303552e+001  6.2018570e+000  3.0000000e+000
  1.0304968e+001  6.3011530e+000  3.0000000e+000
  1.0317903e+001  1.7099810e+000  3.1000000e+000
  1.0318709e+001  1.8128020e+000  3.1000000e+000
  1.0319514e+001  1.9156230e+000  3.1000000e+000
  1.0320320e+001  2.0184440e+000  3.1000000e+000
  1.0321125e+001  2.1212640e+000  3.1000000e+000
  1.0321931e+001  2.2240850e+000  3.1000000e+000
  1.0400233e+001  2.3264450e+000  3.1000000e+000
  1.0323542e+001  2.4297270e+000  3.1000000e+000
  1.0246816e+001  2.5329930e+000  3.1000000e+000
  1.0325153e+001  2.6353680e+000  3.1000000e+000
  1.0246816e+001  2.5329930e+000  3.1000000e+000
  1.0169283e+001  2.5334370e+000  3.1000000e+000
  1.0092502e+001  2.6366780e+000  3.1000000e+000
  1.0093253e+001  2.7394750e+000  3.1000000e+000
  1.0171591e+001  2.8418500e+000  3.1000000e+000
  1.0249178e+001  2.8414300e+000  3.1000000e+000
  1.0172361e+001  2.9446550e+000  3.1000000e+000
  1.0173130e+001  3.0474590e+000  3.1000000e+000
  1.0173899e+001  3.1502630e+000  3.1000000e+000
  1.0174668e+001  3.2530670e+000  3.1000000e+000
  1.0253115e+001  3.3554930e+000  3.1000000e+000
  1.0253903e+001  3.4583050e+000  3.1000000e+000
  1.0176976e+001  3.5614800e+000  3.1000000e+000
  1.0177745e+001  3.6642840e+000  3.1000000e+000
  1.0178515e+001  3.7670890e+000  3.1000000e+000
  1.0257052e+001  3.8695550e+000  3.1000000e+000
  1.0180053e+001  3.9726970e+000  3.1000000e+000
  1.0258627e+001  4.0751800e+000  3.1000000e+000
  1.0336432e+001  4.0748590e+000  3.1000000e+000
  1.0415061e+001  4.1773670e+000  3.1000000e+000
  1.0493726e+001  4.2798910e+000  3.1000000e+000
  1.0494567e+001  4.3827280e+000  3.1000000e+000
  1.0417532e+001  4.4858540e+000  3.1000000e+000
  1.0496251e+001  4.5884030e+000  3.1000000e+000
  1.0575007e+001  4.6909690e+000  3.1000000e+000
  1.0575867e+001  4.7938140e+000  3.1000000e+000
  1.0576727e+001  4.8966600e+000  3.1000000e+000
  1.0577587e+001  4.9995050e+000  3.1000000e+000
  1.0578448e+001  5.1023510e+000  3.1000000e+000
  1.0501303e+001  5.2054270e+000  3.1000000e+000
  1.0502145e+001  5.3082640e+000  3.1000000e+000
  1.0502987e+001  5.4111010e+000  3.1000000e+000
  1.0503829e+001  5.5139390e+000  3.1000000e+000
  1.0504671e+001  5.6167760e+000  3.1000000e+000
  1.0505513e+001  5.7196130e+000  3.1000000e+000
  1.0584468e+001  5.8222690e+000  3.1000000e+000
  1.0507197e+001  5.9252880e+000  3.1000000e+000
  1.0508039e+001  6.0281250e+000  3.1000000e+000
  1.0508881e+001  6.1309620e+000  3.1000000e+000
  1.0587909e+001  6.2336510e+000  3.1000000e+000
  1.0588769e+001  6.3364970e+000  3.1000000e+000
  1.0511407e+001  6.4394740e+000  3.1000000e+000
  1.0512249e+001  6.5423110e+000  3.1000000e+000
  1.0591349e+001  6.6450340e+000  3.1000000e+000
  1.0668730e+001  6.5420650e+000  3.1000000e+000
  1.0746075e+001  6.4390790e+000  3.1000000e+000
  1.0668730e+001  6.5420650e+000  3.1000000e+000
  1.0591349e+001  6.6450340e+000  3.1000000e+000
  1.0513932e+001  6.7479860e+000  3.1000000e+000
  1.0514774e+001  6.8508230e+000  3.1000000e+000
  1.0437303e+001  6.9537510e+000  3.1000000e+000
  1.0438127e+001  7.0565800e+000  3.1000000e+000
  1.0438950e+001  7.1594090e+000  3.1000000e+000
  1.0439774e+001  7.2622380e+000  3.1000000e+000
  1.0440598e+001  7.3650670e+000  3.1000000e+000
  1.0441422e+001  7.4678960e+000  3.1000000e+000
  1.0439774e+001  7.2622380e+000  3.1000000e+000
