  6.8081040e+000  3.7171450e+000  1.0000000e-001
  6.8860330e+000  3.7174880e+000  1.0000000e-001
  6.8081040e+000  3.7171450e+000  1.0000000e-001
  6.8093740e+000  3.9136430e+000  1.0000000e-001
  6.8873220e+000  3.9139880e+000  1.0000000e-001
  6.9652710e+000  3.9143340e+000  1.0000000e-001
  7.0425550e+000  3.8164280e+000  1.0000000e-001
  7.1211680e+000  3.9150250e+000  1.0000000e-001
  7.1984320e+000  3.8171170e+000  1.0000000e-001
  7.2770640e+000  3.9157170e+000  1.0000000e-001
  7.2777580e+000  4.0139720e+000  1.0000000e-001
  7.3564190e+000  4.1125750e+000  1.0000000e-001
  7.3571220e+000  4.2108310e+000  1.0000000e-001
  7.4358130e+000  4.3094380e+000  1.0000000e-001
  7.5130770e+000  4.2115290e+000  1.0000000e-001
  7.5123550e+000  4.1132710e+000  1.0000000e-001
  7.5895900e+000  4.0153590e+000  1.0000000e-001
  7.6668060e+000  3.9174450e+000  1.0000000e-001
  7.7455060e+000  4.0160530e+000  1.0000000e-001
  7.8227030e+000  3.9181370e+000  1.0000000e-001
  7.8219410e+000  3.8198740e+000  1.0000000e-001
  7.8991090e+000  3.7219550e+000  1.0000000e-001
  7.9778190e+000  3.8205640e+000  1.0000000e-001
  7.9006510e+000  3.9184830e+000  1.0000000e-001
  7.8234650e+000  4.0163990e+000  1.0000000e-001
  7.9021940e+000  4.1150100e+000  1.0000000e-001
  7.9809430e+000  4.2136220e+000  1.0000000e-001
  8.0597110e+000  4.3122370e+000  1.0000000e-001
  8.1384990e+000  4.4108530e+000  1.0000000e-001
  8.2173070e+000  4.5094720e+000  1.0000000e-001
  8.2944930e+000  4.4115550e+000  1.0000000e-001
  8.2953130e+000  4.5098240e+000  1.0000000e-001
  8.2961330e+000  4.6080930e+000  1.0000000e-001
  8.2969540e+000  4.7063610e+000  1.0000000e-001
  8.3758100e+000  4.8049850e+000  1.0000000e-001
  8.3766390e+000  4.9032550e+000  1.0000000e-001
  8.2994140e+000  5.0011680e+000  1.0000000e-001
  8.3782990e+000  5.0997950e+000  1.0000000e-001
  8.4572040e+000  5.1984240e+000  1.0000000e-001
  8.5352790e+000  5.1987830e+000  1.0000000e-001
  6.7178560e+000  3.8155460e+000  2.0000000e-001
  6.6381790e+000  3.7180340e+000  2.0000000e-001
  6.6369410e+000  3.6205780e+000  2.0000000e-001
  6.6381790e+000  3.7180340e+000  2.0000000e-001
  6.7178560e+000  3.8155460e+000  2.0000000e-001
  6.7962940e+000  3.8156020e+000  2.0000000e-001
  6.8747330e+000  3.8156580e+000  2.0000000e-001
  6.8759940e+000  3.9131070e+000  2.0000000e-001
  6.8772560e+000  4.0105550e+000  2.0000000e-001
  6.9569780e+000  4.1080530e+000  2.0000000e-001
  6.9582470e+000  4.2055000e+000  2.0000000e-001
  7.0379930e+000  4.3029910e+000  2.0000000e-001
  7.1177540e+000  4.4004770e+000  2.0000000e-001
  7.1949470e+000  4.3030800e+000  2.0000000e-001
  7.1177540e+000  4.4004770e+000  2.0000000e-001
  7.1975310e+000  4.4979590e+000  2.0000000e-001
  7.1988230e+000  4.5953980e+000  2.0000000e-001
  7.2786220e+000  4.6928730e+000  2.0000000e-001
  7.3558220e+000  4.5954740e+000  2.0000000e-001
  7.3545150e+000  4.4980390e+000  2.0000000e-001
  7.4316920e+000  4.4006470e+000  2.0000000e-001
  7.5088530e+000  4.3032590e+000  2.0000000e-001
  7.5101760e+000  4.4006890e+000  2.0000000e-001
  7.4330070e+000  4.4980790e+000  2.0000000e-001
  7.5128210e+000  4.5955490e+000  2.0000000e-001
  7.5141440e+000  4.6929790e+000  2.0000000e-001
  7.5154670e+000  4.7904100e+000  2.0000000e-001
  7.5953120e+000  4.8878710e+000  2.0000000e-001
  7.6738350e+000  4.8879010e+000  2.0000000e-001
  7.5966420e+000  4.9852980e+000  2.0000000e-001
  7.5953120e+000  4.8878710e+000  2.0000000e-001
  7.5154670e+000  4.7904100e+000  2.0000000e-001
  7.4382670e+000  4.8878090e+000  2.0000000e-001
  7.4395820e+000  4.9852420e+000  2.0000000e-001
  7.4408970e+000  5.0826740e+000  2.0000000e-001
  7.3636660e+000  5.1800830e+000  2.0000000e-001
  7.3649740e+000  5.2775180e+000  2.0000000e-001
  7.4448420e+000  5.3749720e+000  2.0000000e-001
  7.5220800e+000  5.2775610e+000  2.0000000e-001
  7.5993030e+000  5.1801540e+000  2.0000000e-001
  7.6778490e+000  5.1801780e+000  2.0000000e-001
  7.6791870e+000  5.2776040e+000  2.0000000e-001
  7.7590860e+000  5.3750490e+000  2.0000000e-001
  7.8362930e+000  5.2776470e+000  2.0000000e-001
  7.8349400e+000  5.1802260e+000  2.0000000e-001
  7.9121240e+000  5.0828310e+000  2.0000000e-001
  7.9107630e+000  4.9854120e+000  2.0000000e-001
  7.9094020e+000  4.8879940e+000  2.0000000e-001
  7.8295260e+000  4.7905420e+000  2.0000000e-001
  7.9080410e+000  4.7905750e+000  2.0000000e-001
  7.9851880e+000  4.6931920e+000  2.0000000e-001
  7.9838190e+000  4.5957760e+000  2.0000000e-001
  7.9851880e+000  4.6931920e+000  2.0000000e-001
  7.9865560e+000  4.7906080e+000  2.0000000e-001
  8.0664480e+000  4.8880550e+000  2.0000000e-001
  8.1463540e+000  4.9854980e+000  2.0000000e-001
  8.2234930e+000  4.8881170e+000  2.0000000e-001
  8.2221010e+000  4.7907080e+000  2.0000000e-001
  8.2234930e+000  4.8881170e+000  2.0000000e-001
  8.1463540e+000  4.9854980e+000  2.0000000e-001
  8.0692000e+000  5.0828830e+000  2.0000000e-001
  8.1491220e+000  5.1803210e+000  2.0000000e-001
  8.2290590e+000  5.2777550e+000  2.0000000e-001
  8.2304510e+000  5.3751640e+000  2.0000000e-001
  8.2318430e+000  5.4725730e+000  2.0000000e-001
  8.1546580e+000  5.5699680e+000  2.0000000e-001
  8.1560420e+000  5.6673800e+000  2.0000000e-001
  8.2360180e+000  5.7648010e+000  2.0000000e-001
  8.3146090e+000  5.7648110e+000  2.0000000e-001
  8.3917940e+000  5.6674170e+000  2.0000000e-001
  8.4689630e+000  5.5700260e+000  2.0000000e-001
  8.4675480e+000  5.4726240e+000  2.0000000e-001
  8.3875730e+000  5.3752020e+000  2.0000000e-001
  8.3861660e+000  5.2777980e+000  2.0000000e-001
  8.3847590e+000  5.1803930e+000  2.0000000e-001
  8.3861660e+000  5.2777980e+000  2.0000000e-001
  8.3875730e+000  5.3752020e+000  2.0000000e-001
  8.4675480e+000  5.4726240e+000  2.0000000e-001
  8.4689630e+000  5.5700260e+000  2.0000000e-001
  8.3917940e+000  5.6674170e+000  2.0000000e-001
  8.4717920e+000  5.7648310e+000  2.0000000e-001
  8.3946080e+000  5.8622260e+000  2.0000000e-001
  8.6304050e+000  5.8622490e+000  2.0000000e-001
  8.6275450e+000  5.6674530e+000  2.0000000e-001
  8.6261150e+000  5.5700560e+000  2.0000000e-001
  8.6304050e+000  5.8622490e+000  2.0000000e-001
  6.6980040e+000  3.5355600e+000  3.0000000e-001
  6.6993900e+000  3.7318380e+000  3.0000000e-001
  6.7779750e+000  3.8291930e+000  3.0000000e-001
  6.8551530e+000  3.7302610e+000  3.0000000e-001
  6.8544410e+000  3.6321140e+000  3.0000000e-001
  6.8551530e+000  3.7302610e+000  3.0000000e-001
  6.8558660e+000  3.8284080e+000  3.0000000e-001
  6.8565780e+000  3.9265550e+000  3.0000000e-001
  6.9352020e+000  4.0239260e+000  3.0000000e-001
  6.9359240e+000  4.1220770e+000  3.0000000e-001
  7.0145770e+000  4.2194590e+000  3.0000000e-001
  7.0153090e+000  4.3176140e+000  3.0000000e-001
  7.0160420e+000  4.4157700e+000  3.0000000e-001
  7.0947340e+000  4.5131680e+000  3.0000000e-001
  7.1726930e+000  4.5124120e+000  3.0000000e-001
  7.2498920e+000  4.4134880e+000  3.0000000e-001
  7.3286130e+000  4.5108990e+000  3.0000000e-001
  7.4065730e+000  4.5101420e+000  3.0000000e-001
  7.3293840e+000  4.6090700e+000  3.0000000e-001
  7.4081350e+000  4.7064930e+000  3.0000000e-001
  7.4089170e+000  4.8046680e+000  3.0000000e-001
  7.3316990e+000  4.9035840e+000  3.0000000e-001
  7.4104790e+000  5.0010180e+000  3.0000000e-001
  7.4112610e+000  5.0991940e+000  3.0000000e-001
  7.3340130e+000  5.1980970e+000  3.0000000e-001
  7.4128230e+000  5.2955440e+000  3.0000000e-001
  7.4908610e+000  5.2948200e+000  3.0000000e-001
  7.5689000e+000  5.2940960e+000  3.0000000e-001
  7.6461270e+000  5.1951840e+000  3.0000000e-001
  7.7233350e+000  5.0962640e+000  3.0000000e-001
  7.8005240e+000  4.9973360e+000  3.0000000e-001
  7.7996930e+000  4.8991410e+000  3.0000000e-001
  7.8768520e+000  4.8002010e+000  3.0000000e-001
  7.8760120e+000  4.7020020e+000  3.0000000e-001
  7.9531420e+000  4.6030500e+000  3.0000000e-001
  7.9522920e+000  4.5048470e+000  3.0000000e-001
  8.0311110e+000  4.6022980e+000  3.0000000e-001
  8.0319710e+000  4.7005050e+000  3.0000000e-001
  8.1108200e+000  4.7979680e+000  3.0000000e-001
  8.1896890e+000  4.8954390e+000  3.0000000e-001
  8.1108200e+000  4.7979680e+000  3.0000000e-001
  8.0319710e+000  4.7005050e+000  3.0000000e-001
  7.9548410e+000  4.7994570e+000  3.0000000e-001
  7.8776920e+000  4.8984010e+000  3.0000000e-001
  7.9565410e+000  4.9958640e+000  3.0000000e-001
  8.0354100e+000  5.0933350e+000  3.0000000e-001
  7.9582410e+000  5.1922700e+000  3.0000000e-001
  8.0371300e+000  5.2897500e+000  3.0000000e-001
  8.1151680e+000  5.2890250e+000  3.0000000e-001
  8.1160370e+000  5.3872370e+000  3.0000000e-001
  8.1949650e+000  5.4847320e+000  3.0000000e-001
  8.2739120e+000  5.5822350e+000  3.0000000e-001
  8.1958440e+000  5.5829470e+000  3.0000000e-001
  8.1186460e+000  5.6818710e+000  3.0000000e-001
  8.1976030e+000  5.7793780e+000  3.0000000e-001
  8.1984820e+000  5.8775930e+000  3.0000000e-001
  8.4318650e+000  5.7772650e+000  3.0000000e-001
  8.3537780e+000  5.7779700e+000  3.0000000e-001
  8.4318650e+000  5.7772650e+000  3.0000000e-001
  8.5099520e+000  5.7765610e+000  3.0000000e-001
  8.7442150e+000  5.7744490e+000  3.0000000e-001
  8.7432670e+000  5.6762050e+000  3.0000000e-001
  8.6642510e+000  5.5786740e+000  3.0000000e-001
  8.5861830e+000  5.5793860e+000  3.0000000e-001
  8.5071970e+000  5.4818660e+000  3.0000000e-001
  8.4300480e+000  5.5808100e+000  3.0000000e-001
  8.5071970e+000  5.4818660e+000  3.0000000e-001
  8.5062780e+000  5.3836350e+000  3.0000000e-001
  8.4273210e+000  5.2861280e+000  3.0000000e-001
  8.3501820e+000  5.3850760e+000  3.0000000e-001
  8.4273210e+000  5.2861280e+000  3.0000000e-001
  8.3483840e+000  5.1886290e+000  3.0000000e-001
  8.4255030e+000  5.0896730e+000  3.0000000e-001
  8.5044410e+000  5.1871720e+000  3.0000000e-001
  8.5833980e+000  5.2846790e+000  3.0000000e-001
  8.5062780e+000  5.3836350e+000  3.0000000e-001
  8.5852540e+000  5.4811500e+000  3.0000000e-001
  8.6642510e+000  5.5786740e+000  3.0000000e-001
  8.7423180e+000  5.5779610e+000  3.0000000e-001
  8.8194280e+000  5.4790010e+000  3.0000000e-001
  8.8974860e+000  5.4782850e+000  3.0000000e-001
  8.9765220e+000  5.5758250e+000  3.0000000e-001
  9.0555770e+000  5.6733720e+000  3.0000000e-001
  9.0565640e+000  5.7716320e+000  3.0000000e-001
  8.9784770e+000  5.7723360e+000  3.0000000e-001
  7.7971320e+000  4.7994380e+000  4.0000000e-001
  7.8745110e+000  4.6981880e+000  4.0000000e-001
  7.9518670e+000  4.5969210e+000  4.0000000e-001
  7.9523520e+000  4.6969590e+000  4.0000000e-001
  7.8745110e+000  4.6981880e+000  4.0000000e-001
  7.7971320e+000  4.7994380e+000  4.0000000e-001
  7.8754580e+000  4.8982470e+000  4.0000000e-001
  7.9533210e+000  4.8970340e+000  4.0000000e-001
  7.8759320e+000  4.9982770e+000  4.0000000e-001
  7.9542910e+000  5.0971100e+000  4.0000000e-001
  8.0326710e+000  5.1959580e+000  4.0000000e-001
  8.1110720e+000  5.2948230e+000  4.0000000e-001
  8.1884610e+000  5.1935810e+000  4.0000000e-001
  8.1879440e+000  5.0935190e+000  4.0000000e-001
  8.1095530e+000  4.9946620e+000  4.0000000e-001
  8.1869100e+000  4.8933960e+000  4.0000000e-001
  8.1085410e+000  4.7945550e+000  4.0000000e-001
  8.1869100e+000  4.8933960e+000  4.0000000e-001
  8.1095530e+000  4.9946620e+000  4.0000000e-001
  8.1879440e+000  5.0935190e+000  4.0000000e-001
  8.1884610e+000  5.1935810e+000  4.0000000e-001
  8.2668840e+000  5.2924620e+000  4.0000000e-001
  8.3447900e+000  5.2912810e+000  4.0000000e-001
  8.4226960e+000  5.2901000e+000  4.0000000e-001
  8.5000420e+000  5.1888260e+000  4.0000000e-001
  8.4994820e+000  5.0887320e+000  4.0000000e-001
  8.4210480e+000  4.9898430e+000  4.0000000e-001
  8.4994820e+000  5.0887320e+000  4.0000000e-001
  8.5767950e+000  4.9874340e+000  4.0000000e-001
  8.5762250e+000  4.8873320e+000  4.0000000e-001
  8.5756540e+000  4.7872300e+000  4.0000000e-001
  8.5762250e+000  4.8873320e+000  4.0000000e-001
  8.5767950e+000  4.9874340e+000  4.0000000e-001
  8.6552510e+000  5.0863390e+000  4.0000000e-001
  8.7325430e+000  4.9850240e+000  4.0000000e-001
  8.7331350e+000  5.0851420e+000  4.0000000e-001
  8.8116230e+000  5.1840710e+000  4.0000000e-001
  8.8889040e+000  5.0827480e+000  4.0000000e-001
  8.9667880e+000  5.0815510e+000  4.0000000e-001
  8.8889040e+000  5.0827480e+000  4.0000000e-001
  8.8116230e+000  5.1840710e+000  4.0000000e-001
  8.8901320e+000  5.2830160e+000  4.0000000e-001
  8.8907460e+000  5.3831500e+000  4.0000000e-001
  8.8913600e+000  5.4832830e+000  4.0000000e-001
  8.9699120e+000  5.5822610e+000  4.0000000e-001
  9.0472150e+000  5.4809540e+000  4.0000000e-001
  9.0465790e+000  5.3808040e+000  4.0000000e-001
  9.0472150e+000  5.4809540e+000  4.0000000e-001
  9.0478500e+000  5.5811040e+000  4.0000000e-001
  9.1264350e+000  5.6801050e+000  4.0000000e-001
  9.2037270e+000  5.5787910e+000  4.0000000e-001
  9.2030700e+000  5.4786250e+000  4.0000000e-001
  9.2803300e+000  5.3772860e+000  4.0000000e-001
  9.3575680e+000  5.2759310e+000  4.0000000e-001
  9.2789940e+000  5.1769380e+000  4.0000000e-001
  9.3575680e+000  5.2759310e+000  4.0000000e-001
  9.3582460e+000  5.3761130e+000  4.0000000e-001
  9.4368520e+000  5.4751300e+000  4.0000000e-001
  9.5147800e+000  5.4739660e+000  4.0000000e-001
  9.5154800e+000  5.5741640e+000  4.0000000e-001
  9.5161800e+000  5.6743620e+000  4.0000000e-001
  9.5948400e+000  5.7734190e+000  4.0000000e-001
  9.6735210e+000  5.8724920e+000  4.0000000e-001
  9.7522240e+000  5.9715820e+000  4.0000000e-001
  6.2361270e+000  3.2260740e+000  4.0000000e-001
  6.1591580e+000  3.5269830e+000  4.0000000e-001
  6.2366220e+000  3.4257970e+000  4.0000000e-001
  6.3145820e+000  3.5243330e+000  4.0000000e-001
  6.3922940e+000  3.5230080e+000  4.0000000e-001
  6.4700060e+000  3.5216830e+000  4.0000000e-001
  6.5474280e+000  3.4204640e+000  4.0000000e-001
  6.5471370e+000  3.3205710e+000  4.0000000e-001
  6.5474280e+000  3.4204640e+000  4.0000000e-001
  6.4700060e+000  3.5216830e+000  4.0000000e-001
  6.3922940e+000  3.5230080e+000  4.0000000e-001
  6.3148400e+000  3.6242020e+000  4.0000000e-001
  6.3928320e+000  3.7227630e+000  4.0000000e-001
  6.4708460e+000  3.8213390e+000  4.0000000e-001
  6.5485910e+000  3.8200380e+000  4.0000000e-001
  6.6266370e+000  3.9186380e+000  4.0000000e-001
  6.7043920e+000  3.9173450e+000  4.0000000e-001
  6.7821470e+000  3.9160520e+000  4.0000000e-001
  6.7043920e+000  3.9173450e+000  4.0000000e-001
  6.6269380e+000  4.0185400e+000  4.0000000e-001
  6.7050160e+000  4.1171640e+000  4.0000000e-001
  6.7827930e+000  4.1158870e+000  4.0000000e-001
  6.8609040e+000  4.2145360e+000  4.0000000e-001
  6.9390360e+000  4.3132000e+000  4.0000000e-001
  7.0164790e+000  4.2119980e+000  4.0000000e-001
  7.0939000e+000  4.1107790e+000  4.0000000e-001
  7.0942660e+000  4.2107290e+000  4.0000000e-001
  7.1724310e+000  4.3094180e+000  4.0000000e-001
  6.3429470e+000  3.4104520e+000  5.0000000e-001
  6.3444160e+000  3.5103260e+000  5.0000000e-001
  6.4237760e+000  3.6103560e+000  5.0000000e-001
  6.3458860e+000  3.6102000e+000  5.0000000e-001
  6.2694550e+000  3.7099170e+000  5.0000000e-001
  6.2709140e+000  3.8097890e+000  5.0000000e-001
  6.3547020e+000  4.2094450e+000  5.0000000e-001
  6.4326540e+000  4.2096130e+000  5.0000000e-001
  6.5120950e+000  4.3096590e+000  5.0000000e-001
  6.5900570e+000  4.3098290e+000  5.0000000e-001
  6.6695290e+000  4.4098810e+000  5.0000000e-001
  6.6710400e+000  4.5097630e+000  5.0000000e-001
  6.6725500e+000  4.6096450e+000  5.0000000e-001
  6.7520640e+000  4.7097060e+000  5.0000000e-001
  6.8285350e+000  4.6099970e+000  5.0000000e-001
  6.8270040e+000  4.5101110e+000  5.0000000e-001
  6.9034450e+000  4.4103970e+000  5.0000000e-001
  6.8239420e+000  4.3103390e+000  5.0000000e-001
  6.9034450e+000  4.4103970e+000  5.0000000e-001
  6.9798650e+000  4.3106790e+000  5.0000000e-001
  7.0578270e+000  4.3108490e+000  5.0000000e-001
  7.0593890e+000  4.4107410e+000  5.0000000e-001
  7.0609510e+000  4.5106330e+000  5.0000000e-001
  7.0625130e+000  4.6105260e+000  5.0000000e-001
  7.0640750e+000  4.7104180e+000  5.0000000e-001
  6.9876240e+000  4.8101300e+000  5.0000000e-001
  6.9891760e+000  4.9100200e+000  5.0000000e-001
  6.9907270e+000  5.0099110e+000  5.0000000e-001
  7.0703230e+000  5.1099870e+000  5.0000000e-001
  7.1499390e+000  5.2100680e+000  5.0000000e-001
  7.2295760e+000  5.3101520e+000  5.0000000e-001
  7.3076400e+000  5.3103420e+000  5.0000000e-001
  7.3841020e+000  5.2106320e+000  5.0000000e-001
  7.4605430e+000  5.1109180e+000  5.0000000e-001
  7.4589290e+000  5.0110160e+000  5.0000000e-001
  7.4573160e+000  4.9111130e+000  5.0000000e-001
  7.4557030e+000  4.8112110e+000  5.0000000e-001
  7.5353390e+000  4.9112950e+000  5.0000000e-001
  7.6133630e+000  4.9114780e+000  5.0000000e-001
  7.6913860e+000  4.9116600e+000  5.0000000e-001
  7.7694100e+000  4.9118420e+000  5.0000000e-001
  7.6930300e+000  5.0115680e+000  5.0000000e-001
  7.6166310e+000  5.1112910e+000  5.0000000e-001
  7.6963190e+000  5.2113850e+000  5.0000000e-001
  7.7743730e+000  5.2115740e+000  5.0000000e-001
  7.8524270e+000  5.2117620e+000  5.0000000e-001
  7.8540920e+000  5.3116740e+000  5.0000000e-001
  7.8557570e+000  5.4115870e+000  5.0000000e-001
  7.9355070e+000  5.5116940e+000  5.0000000e-001
  8.0135920e+000  5.5118880e+000  5.0000000e-001
  8.0916770e+000  5.5120820e+000  5.0000000e-001
  8.1680560e+000  5.4123560e+000  5.0000000e-001
  8.1663500e+000  5.3124350e+000  5.0000000e-001
  8.2444150e+000  5.3126260e+000  5.0000000e-001
  8.3207530e+000  5.2128910e+000  5.0000000e-001
  8.2444150e+000  5.3126260e+000  5.0000000e-001
  8.3242060e+000  5.4127410e+000  5.0000000e-001
  8.3259320e+000  5.5126650e+000  5.0000000e-001
  8.4057540e+000  5.6127870e+000  5.0000000e-001
  8.4855970e+000  5.7129120e+000  5.0000000e-001
  8.5637020e+000  5.7131100e+000  5.0000000e-001
  8.6418080e+000  5.7133080e+000  5.0000000e-001
  8.5654600e+000  5.8130410e+000  5.0000000e-001
  8.4855970e+000  5.7129120e+000  5.0000000e-001
  8.4092280e+000  5.8126400e+000  5.0000000e-001
  8.4109650e+000  5.9125670e+000  5.0000000e-001
  8.4908380e+000  6.0126980e+000  5.0000000e-001
  8.4127010e+000  6.0124930e+000  5.0000000e-001
  8.3345650e+000  6.0122890e+000  5.0000000e-001
  8.1018510e+000  6.1115940e+000  5.0000000e-001
  8.9578480e+000  5.9139840e+000  5.0000000e-001
  8.9560390e+000  5.8140430e+000  5.0000000e-001
  8.8761250e+000  5.7139030e+000  5.0000000e-001
  8.7962310e+000  5.6137680e+000  5.0000000e-001
  8.8761250e+000  5.7139030e+000  5.0000000e-001
  8.9524220e+000  5.6141610e+000  5.0000000e-001
  9.0305170e+000  5.6143570e+000  5.0000000e-001
  9.1086130e+000  5.6145540e+000  5.0000000e-001
  9.1848690e+000  5.5148030e+000  5.0000000e-001
  9.1049540e+000  5.4146640e+000  5.0000000e-001
  9.1830290e+000  5.4148560e+000  5.0000000e-001
  9.2592540e+000  5.3150990e+000  5.0000000e-001
  9.2574040e+000  5.2151500e+000  5.0000000e-001
  9.2592540e+000  5.3150990e+000  5.0000000e-001
  9.2611040e+000  5.4150480e+000  5.0000000e-001
  9.3410390e+000  5.5151920e+000  5.0000000e-001
  9.4191240e+000  5.5153860e+000  5.0000000e-001
  9.4209940e+000  5.6153390e+000  5.0000000e-001
  9.3447590e+000  5.7150940e+000  5.0000000e-001
  9.4247350e+000  5.8152450e+000  5.0000000e-001
  6.5697180e+000  2.7845500e+000  6.0000000e-001
  6.5707430e+000  2.8873670e+000  6.0000000e-001
  6.4942880e+000  2.9893470e+000  6.0000000e-001
  6.4963270e+000  3.1949710e+000  6.0000000e-001
  6.4993860e+000  3.5034070e+000  6.0000000e-001
  6.5768970e+000  3.5042650e+000  6.0000000e-001
  6.6554390e+000  3.6079420e+000  6.0000000e-001
  6.7339930e+000  3.7116280e+000  6.0000000e-001
  6.7350300e+000  3.8144530e+000  6.0000000e-001
  6.7360670e+000  3.9172780e+000  6.0000000e-001
  6.7371050e+000  4.0201030e+000  6.0000000e-001
  6.8156870e+000  4.1238100e+000  6.0000000e-001
  6.8932330e+000  4.1246930e+000  6.0000000e-001
  6.8942820e+000  4.2275260e+000  6.0000000e-001
  6.9728880e+000  4.3312510e+000  6.0000000e-001
  7.0493850e+000  4.2293000e+000  6.0000000e-001
  7.1269370e+000  4.2301870e+000  6.0000000e-001
  7.2034160e+000  4.1282240e+000  6.0000000e-001
  7.2023430e+000  4.0253730e+000  6.0000000e-001
  7.2798830e+000  4.0262520e+000  6.0000000e-001
  7.2034160e+000  4.1282240e+000  6.0000000e-001
  7.2044880e+000  4.2310740e+000  6.0000000e-001
  7.2055600e+000  4.3339250e+000  6.0000000e-001
  7.1290700e+000  4.4358790e+000  6.0000000e-001
  7.1301360e+000  4.5387260e+000  6.0000000e-001
  7.1312030e+000  4.6415720e+000  6.0000000e-001
  7.0546890e+000  4.7435100e+000  6.0000000e-001
  7.1333360e+000  4.8472640e+000  6.0000000e-001
  7.2119950e+000  4.9510270e+000  6.0000000e-001
  7.2895870e+000  4.9519440e+000  6.0000000e-001
  7.3682640e+000  5.0557190e+000  6.0000000e-001
  7.4458620e+000  5.0566400e+000  6.0000000e-001
  7.5223650e+000  4.9546940e+000  6.0000000e-001
  7.5988560e+000  4.8527390e+000  6.0000000e-001
  7.5977540e+000  4.7498670e+000  6.0000000e-001
  7.5966520e+000  4.6469960e+000  6.0000000e-001
  7.6731200e+000  4.5450240e+000  6.0000000e-001
  7.7506880e+000  4.5459230e+000  6.0000000e-001
  7.7518020e+000  4.6488030e+000  6.0000000e-001
  7.8304960e+000  4.7525920e+000  6.0000000e-001
  7.9069520e+000  4.6506120e+000  6.0000000e-001
  7.9058270e+000  4.5477230e+000  6.0000000e-001
  7.9069520e+000  4.6506120e+000  6.0000000e-001
  7.9856580e+000  4.7544090e+000  6.0000000e-001
  8.0632380e+000  4.7553170e+000  6.0000000e-001
  7.9856580e+000  4.7544090e+000  6.0000000e-001
  7.9092020e+000  4.8563890e+000  6.0000000e-001
  7.9103270e+000  4.9592780e+000  6.0000000e-001
  7.9890500e+000  5.0630880e+000  6.0000000e-001
  8.0666490e+000  5.0640090e+000  6.0000000e-001
  8.1453900e+000  5.1678310e+000  6.0000000e-001
  8.2218450e+000  5.0658510e+000  6.0000000e-001
  8.2994440e+000  5.0667720e+000  6.0000000e-001
  8.3758820e+000  4.9647780e+000  6.0000000e-001
  8.4523080e+000  4.8627760e+000  6.0000000e-001
  8.5298950e+000  4.8636890e+000  6.0000000e-001
  8.6063030e+000  4.7616740e+000  6.0000000e-001
  8.5275510e+000  4.6578430e+000  6.0000000e-001
  8.4488100e+000  4.5540210e+000  6.0000000e-001
  8.3712410e+000  4.5531210e+000  6.0000000e-001
  8.2925170e+000  4.4493110e+000  6.0000000e-001
  8.3700810e+000  4.4502070e+000  6.0000000e-001
  8.4488100e+000  4.5540210e+000  6.0000000e-001
  8.5263790e+000  4.5549200e+000  6.0000000e-001
  8.6027700e+000  4.4528930e+000  6.0000000e-001
  8.6015920e+000  4.3499660e+000  6.0000000e-001
  8.6027700e+000  4.4528930e+000  6.0000000e-001
  8.6039480e+000  4.5558200e+000  6.0000000e-001
  8.6827010e+000  4.6596510e+000  6.0000000e-001
  8.7614650e+000  4.7634910e+000  6.0000000e-001
  8.8378500e+000  4.6614590e+000  6.0000000e-001
  8.7614650e+000  4.7634910e+000  6.0000000e-001
  8.7626540e+000  4.8664270e+000  6.0000000e-001
  8.8414360e+000  4.9702790e+000  6.0000000e-001
  8.9178280e+000  4.8682520e+000  6.0000000e-001
  8.8414360e+000  4.9702790e+000  6.0000000e-001
  8.7626540e+000  4.8664270e+000  6.0000000e-001
  8.6862510e+000  4.9684450e+000  6.0000000e-001
  8.6874350e+000  5.0713770e+000  6.0000000e-001
  8.6886190e+000  5.1743080e+000  6.0000000e-001
  8.7674120e+000  5.2781690e+000  6.0000000e-001
  8.8438270e+000  5.1761590e+000  6.0000000e-001
  8.9214310e+000  5.1770840e+000  6.0000000e-001
  8.9990350e+000  5.1780090e+000  6.0000000e-001
  9.0766390e+000  5.1789350e+000  6.0000000e-001
  9.0778520e+000  5.2818870e+000  6.0000000e-001
  9.1566810e+000  5.3857740e+000  6.0000000e-001
  9.2330720e+000  5.2837470e+000  6.0000000e-001
  9.2318480e+000  5.1807850e+000  6.0000000e-001
  9.3094520e+000  5.1817110e+000  6.0000000e-001
  9.3870560e+000  5.1826360e+000  6.0000000e-001
  9.4659020e+000  5.2865350e+000  6.0000000e-001
  9.5422640e+000  5.1844860e+000  6.0000000e-001
  9.4659020e+000  5.2865350e+000  6.0000000e-001
  9.5447600e+000  5.3904430e+000  6.0000000e-001
  9.5460080e+000  5.4934210e+000  6.0000000e-001
  9.6248840e+000  5.5973420e+000  6.0000000e-001
  9.6261380e+000  5.7003240e+000  6.0000000e-001
  9.7050310e+000  5.8042580e+000  6.0000000e-001
  9.7839360e+000  5.9082000e+000  6.0000000e-001
  9.8615810e+000  5.9091550e+000  6.0000000e-001
  9.7839360e+000  5.9082000e+000  6.0000000e-001
  9.7075500e+000  6.0102310e+000  6.0000000e-001
  9.7864670e+000  6.1141820e+000  6.0000000e-001
  9.8653950e+000  6.2181410e+000  6.0000000e-001
  9.9417800e+000  6.1161090e+000  6.0000000e-001
  1.0018154e+001  6.0140690e+000  6.0000000e-001
  9.9417800e+000  6.1161090e+000  6.0000000e-001
  9.8653950e+000  6.2181410e+000  6.0000000e-001
  9.8666660e+000  6.3211360e+000  6.0000000e-001
  9.9456120e+000  6.4251080e+000  6.0000000e-001
  9.8666660e+000  6.3211360e+000  6.0000000e-001
  9.7902630e+000  6.4231550e+000  6.0000000e-001
  6.3777900e+000  4.0530650e+000  7.0000000e-001
  6.3781880e+000  4.1515400e+000  7.0000000e-001
  6.3785860e+000  4.2500140e+000  7.0000000e-001
  6.4565420e+000  4.3469380e+000  7.0000000e-001
  6.5336740e+000  4.2469010e+000  7.0000000e-001
  6.5340990e+000  4.3453870e+000  7.0000000e-001
  6.5345240e+000  4.4438730e+000  7.0000000e-001
  6.5349490e+000  4.5423590e+000  7.0000000e-001
  6.5353740e+000  4.6408450e+000  7.0000000e-001
  6.6134100e+000  4.7378020e+000  7.0000000e-001
  6.6905690e+000  4.6377760e+000  7.0000000e-001
  6.7686320e+000  4.7347450e+000  7.0000000e-001
  6.8457650e+000  4.6347080e+000  7.0000000e-001
  6.8452860e+000  4.5362000e+000  7.0000000e-001
  6.8448080e+000  4.4376920e+000  7.0000000e-001
  6.8443290e+000  4.3391830e+000  7.0000000e-001
  6.9213950e+000  4.2391190e+000  7.0000000e-001
  6.8443290e+000  4.3391830e+000  7.0000000e-001
  6.8448080e+000  4.4376920e+000  7.0000000e-001
  6.9228710e+000  4.5346600e+000  7.0000000e-001
  7.0004550e+000  4.5331200e+000  7.0000000e-001
  7.0009610e+000  4.6316400e+000  7.0000000e-001
  7.0014660e+000  4.7301590e+000  7.0000000e-001
  6.9243470e+000  4.8302010e+000  7.0000000e-001
  6.8472010e+000  4.9302320e+000  7.0000000e-001
  6.9253310e+000  5.0272290e+000  7.0000000e-001
  6.9258230e+000  5.1257430e+000  7.0000000e-001
  6.9263150e+000  5.2242560e+000  7.0000000e-001
  6.9268070e+000  5.3227700e+000  7.0000000e-001
  7.0050050e+000  5.4197940e+000  7.0000000e-001
  7.0832290e+000  5.5168300e+000  7.0000000e-001
  7.1614800e+000  5.6138760e+000  7.0000000e-001
  7.2386670e+000  5.5138620e+000  7.0000000e-001
  7.3163860e+000  5.5123780e+000  7.0000000e-001
  7.3935320e+000  5.4123470e+000  7.0000000e-001
  7.3152670e+000  5.3152950e+000  7.0000000e-001
  7.2375750e+000  5.3167900e+000  7.0000000e-001
  7.3152670e+000  5.3152950e+000  7.0000000e-001
  7.3935320e+000  5.4123470e+000  7.0000000e-001
  7.4706510e+000  5.3123050e+000  7.0000000e-001
  7.4700650e+000  5.2137520e+000  7.0000000e-001
  7.4694790e+000  5.1151990e+000  7.0000000e-001
  7.4688930e+000  5.0166460e+000  7.0000000e-001
  7.4683060e+000  4.9180930e+000  7.0000000e-001
  7.5459450e+000  4.9165760e+000  7.0000000e-001
  7.6235830e+000  4.9150580e+000  7.0000000e-001
  7.7018480e+000  5.0121110e+000  7.0000000e-001
  7.6248090e+000  5.1121870e+000  7.0000000e-001
  7.6254220e+000  5.2107500e+000  7.0000000e-001
  7.6260350e+000  5.3093150e+000  7.0000000e-001
  7.7043540e+000  5.4063890e+000  7.0000000e-001
  7.7814190e+000  5.3063240e+000  7.0000000e-001
  7.7807790e+000  5.2077490e+000  7.0000000e-001
  7.8591110e+000  5.3048290e+000  7.0000000e-001
  7.7814190e+000  5.3063240e+000  7.0000000e-001
  7.7043540e+000  5.4063890e+000  7.0000000e-001
  7.7049800e+000  5.5049590e+000  7.0000000e-001
  7.7833390e+000  5.6020500e+000  7.0000000e-001
  7.8604180e+000  5.5019910e+000  7.0000000e-001
  7.7833390e+000  5.6020500e+000  7.0000000e-001
  7.8617250e+000  5.6991520e+000  7.0000000e-001
  8.0172170e+000  5.6962070e+000  7.0000000e-001
  8.0942690e+000  5.5961370e+000  7.0000000e-001
  8.0935750e+000  5.4975390e+000  7.0000000e-001
  8.1705870e+000  5.3974520e+000  7.0000000e-001
  8.2475710e+000  5.2973540e+000  7.0000000e-001
  8.2468510e+000  5.1987450e+000  7.0000000e-001
  8.3245290e+000  5.1972450e+000  7.0000000e-001
  8.4022080e+000  5.1957440e+000  7.0000000e-001
  8.4791250e+000  5.0956180e+000  7.0000000e-001
  8.5567910e+000  5.0941120e+000  7.0000000e-001
  8.6344560e+000  5.0926060e+000  7.0000000e-001
  8.6352440e+000  5.1912420e+000  7.0000000e-001
  8.5583400e+000  5.2913740e+000  7.0000000e-001
  8.4806470e+000  5.2928690e+000  7.0000000e-001
  8.4037030e+000  5.3929840e+000  7.0000000e-001
  8.4821690e+000  5.4901200e+000  7.0000000e-001
  8.5598880e+000  5.4886360e+000  7.0000000e-001
  8.6383950e+000  5.5857880e+000  7.0000000e-001
  8.7153260e+000  5.4856680e+000  7.0000000e-001
  8.7930450e+000  5.4841840e+000  7.0000000e-001
  8.8715920e+000  5.5813540e+000  7.0000000e-001
  8.9493250e+000  5.5798750e+000  7.0000000e-001
  9.0262020e+000  5.4797320e+000  7.0000000e-001
  9.1030520e+000  5.3795780e+000  7.0000000e-001
  9.1816400e+000  5.4767650e+000  7.0000000e-001
  9.2584630e+000  5.3765990e+000  7.0000000e-001
  9.2575680e+000  5.2779180e+000  7.0000000e-001
  9.1789940e+000  5.1807380e+000  7.0000000e-001
  9.1004460e+000  5.0835680e+000  7.0000000e-001
  9.1789940e+000  5.1807380e+000  7.0000000e-001
  9.2575680e+000  5.2779180e+000  7.0000000e-001
  9.2584630e+000  5.3765990e+000  7.0000000e-001
  9.2593580e+000  5.4752810e+000  7.0000000e-001
  9.3379860e+000  5.5724840e+000  7.0000000e-001
  6.4880530e+000  3.6438910e+000  8.0000000e-001
  6.4108230e+000  3.7466660e+000  8.0000000e-001
  6.4891560e+000  3.8435410e+000  8.0000000e-001
  6.4119040e+000  3.9463030e+000  8.0000000e-001
  6.4902590e+000  4.0431900e+000  8.0000000e-001
  6.5686360e+000  4.1400900e+000  8.0000000e-001
  6.6464620e+000  4.1371650e+000  8.0000000e-001
  6.7242870e+000  4.1342400e+000  8.0000000e-001
  6.8021120e+000  4.1313150e+000  8.0000000e-001
  6.7248720e+000  4.2340830e+000  8.0000000e-001
  6.8033040e+000  4.3310140e+000  8.0000000e-001
  6.8038990e+000  4.4308630e+000  8.0000000e-001
  6.8044940e+000  4.5307120e+000  8.0000000e-001
  6.7272100e+000  4.6334560e+000  8.0000000e-001
  6.8056860e+000  4.7304100e+000  8.0000000e-001
  6.7283790e+000  4.8331420e+000  8.0000000e-001
  6.8068760e+000  4.9301090e+000  8.0000000e-001
  6.8074720e+000  5.0299580e+000  8.0000000e-001
  6.8860030e+000  5.1269430e+000  8.0000000e-001
  6.9645550e+000  5.2239410e+000  8.0000000e-001
  7.0425020e+000  5.2210830e+000  8.0000000e-001
  7.1198080e+000  5.1183510e+000  8.0000000e-001
  7.1970930e+000  5.0156080e+000  8.0000000e-001
  7.1964430e+000  4.9157280e+000  8.0000000e-001
  7.2736950e+000  4.8129660e+000  8.0000000e-001
  7.3509250e+000  4.7101920e+000  8.0000000e-001
  7.2723720e+000  4.6131950e+000  8.0000000e-001
  7.3509250e+000  4.7101920e+000  8.0000000e-001
  7.4288160e+000  4.7073040e+000  8.0000000e-001
  7.5060130e+000  4.6045110e+000  8.0000000e-001
  7.5053190e+000  4.5046070e+000  8.0000000e-001
  7.4267660e+000  4.4076100e+000  8.0000000e-001
  7.5053190e+000  4.5046070e+000  8.0000000e-001
  7.5060130e+000  4.6045110e+000  8.0000000e-001
  7.5845990e+000  4.7015270e+000  8.0000000e-001
  7.6632060e+000  4.7985550e+000  8.0000000e-001
  7.7418360e+000  4.8955950e+000  8.0000000e-001
  7.8190110e+000  4.7927900e+000  8.0000000e-001
  7.8197490e+000  4.8927190e+000  8.0000000e-001
  7.8984120e+000  4.9897770e+000  8.0000000e-001
  7.9763360e+000  4.9869070e+000  8.0000000e-001
  8.0534890e+000  4.8840910e+000  8.0000000e-001
  7.9763360e+000  4.9869070e+000  8.0000000e-001
  8.0550310e+000  5.0839840e+000  8.0000000e-001
  8.0558030e+000  5.1839310e+000  8.0000000e-001
  8.1345310e+000  5.2810260e+000  8.0000000e-001
  8.2116950e+000  5.1782150e+000  8.0000000e-001
  8.2888370e+000  5.0753920e+000  8.0000000e-001
  8.2101090e+000  4.9782970e+000  8.0000000e-001
  8.2880330e+000  4.9754270e+000  8.0000000e-001
  8.3651420e+000  4.8725860e+000  8.0000000e-001
  8.3659570e+000  4.9725570e+000  8.0000000e-001
  8.4447080e+000  5.0696640e+000  8.0000000e-001
  8.5218060e+000  4.9668170e+000  8.0000000e-001
  8.5997300e+000  4.9639470e+000  8.0000000e-001
  8.6767950e+000  4.8610810e+000  8.0000000e-001
  8.5980340e+000  4.7639680e+000  8.0000000e-001
  8.5971860e+000  4.6639780e+000  8.0000000e-001
  8.5963380e+000  4.5639890e+000  8.0000000e-001
  8.6733590e+000  4.4610990e+000  8.0000000e-001
  8.7503580e+000  4.3581970e+000  8.0000000e-001
  8.8290980e+000  4.4552980e+000  8.0000000e-001
  8.9078590e+000  4.5524110e+000  8.0000000e-001
  8.9848370e+000  4.4494970e+000  8.0000000e-001
  9.0627060e+000  4.4465960e+000  8.0000000e-001
  8.9857390e+000  4.5495170e+000  8.0000000e-001
  9.0645340e+000  4.6466480e+000  8.0000000e-001
  9.1433500e+000  4.7437920e+000  8.0000000e-001
  9.0663620e+000  4.8467010e+000  8.0000000e-001
  8.9893510e+000  4.9495970e+000  8.0000000e-001
  8.9902540e+000  5.0496170e+000  8.0000000e-001
  9.0691040e+000  5.1467790e+000  8.0000000e-001
  9.1470500e+000  5.1439210e+000  8.0000000e-001
  9.2249960e+000  5.1410630e+000  8.0000000e-001
  9.1479750e+000  5.2439530e+000  8.0000000e-001
  9.2268680e+000  5.3411400e+000  8.0000000e-001
  6.6962750e+000  5.6346450e+000  9.0000000e-001
  6.7740300e+000  5.7319290e+000  9.0000000e-001
  6.8520020e+000  5.6336750e+000  9.0000000e-001
  6.9298660e+000  5.6331900e+000  9.0000000e-001
  7.0077740e+000  5.5349150e+000  9.0000000e-001
  7.0856160e+000  5.5344230e+000  9.0000000e-001
  7.0855940e+000  5.6322190e+000  9.0000000e-001
  7.0855720e+000  5.7300160e+000  9.0000000e-001
  7.1634570e+000  5.8273400e+000  9.0000000e-001
  7.2413650e+000  5.8268680e+000  9.0000000e-001
  7.1634570e+000  5.9251430e+000  9.0000000e-001
  7.2414080e+000  6.0224880e+000  9.0000000e-001
  7.1634570e+000  6.1207490e+000  9.0000000e-001
  7.3971790e+000  5.8259250e+000  9.0000000e-001
  7.4750000e+000  5.7276240e+000  9.0000000e-001
  7.3971790e+000  5.8259250e+000  9.0000000e-001
  7.3972450e+000  5.9237490e+000  9.0000000e-001
  7.4752610e+000  6.0211140e+000  9.0000000e-001
  7.5532120e+000  6.0206560e+000  9.0000000e-001
  7.6311630e+000  6.0201980e+000  9.0000000e-001
  7.7089610e+000  5.9218900e+000  9.0000000e-001
  7.7091140e+000  6.0197400e+000  9.0000000e-001
  7.7872390e+000  6.1171390e+000  9.0000000e-001
  7.8650160e+000  6.0188240e+000  9.0000000e-001
  7.9431840e+000  6.1162370e+000  9.0000000e-001
  8.0209170e+000  6.0179080e+000  9.0000000e-001
  8.0988680e+000  6.0174500e+000  9.0000000e-001
  8.1765360e+000  5.9191010e+000  9.0000000e-001
  8.0983450e+000  5.8216820e+000  9.0000000e-001
  8.1765360e+000  5.9191010e+000  9.0000000e-001
  8.2541600e+000  5.8207390e+000  9.0000000e-001
  8.2538550e+000  5.7228410e+000  9.0000000e-001
  8.2535500e+000  5.6249430e+000  9.0000000e-001
  8.1754030e+000  5.5275370e+000  9.0000000e-001
  8.2535500e+000  5.6249430e+000  9.0000000e-001
  8.3310870e+000  5.5265540e+000  9.0000000e-001
  8.4092780e+000  5.6239730e+000  9.0000000e-001
  8.4867710e+000  5.5255700e+000  9.0000000e-001
  8.4864010e+000  5.4276520e+000  9.0000000e-001
  8.4860300e+000  5.3297340e+000  9.0000000e-001
  8.5634360e+000  5.2313040e+000  9.0000000e-001
  8.4852890e+000  5.1338980e+000  9.0000000e-001
  8.4071860e+000  5.0365050e+000  9.0000000e-001
  8.3291260e+000  4.9391270e+000  9.0000000e-001
  8.2514150e+000  4.9396590e+000  9.0000000e-001
  8.3291260e+000  4.9391270e+000  9.0000000e-001
  8.4068370e+000  4.9385940e+000  9.0000000e-001
  8.4841780e+000  4.8401440e+000  9.0000000e-001
  8.4068370e+000  4.9385940e+000  9.0000000e-001
  8.4849190e+000  5.0359800e+000  9.0000000e-001
  8.5626520e+000  5.0354540e+000  9.0000000e-001
  8.6407990e+000  5.1328600e+000  9.0000000e-001
  8.5634360e+000  5.2313040e+000  9.0000000e-001
  8.6416270e+000  5.3287230e+000  9.0000000e-001
  8.7194250e+000  5.3282180e+000  9.0000000e-001
  8.7967660e+000  5.2297670e+000  9.0000000e-001
  8.7963090e+000  5.1318220e+000  9.0000000e-001
  8.7958510e+000  5.0338770e+000  9.0000000e-001
  8.7176820e+000  4.9364640e+000  9.0000000e-001
  8.7958510e+000  5.0338770e+000  9.0000000e-001
  8.8735840e+000  5.0333510e+000  9.0000000e-001
  8.9518180e+000  5.1307840e+000  9.0000000e-001
  8.8745430e+000  5.2292550e+000  9.0000000e-001
  8.7972240e+000  5.3277120e+000  9.0000000e-001
  8.8755010e+000  5.4251590e+000  9.0000000e-001
  8.9533210e+000  5.4246600e+000  9.0000000e-001
  9.0311420e+000  5.4241610e+000  9.0000000e-001
  8.9538230e+000  5.5226190e+000  9.0000000e-001
  9.0321880e+000  5.6200920e+000  9.0000000e-001
  9.1105960e+000  5.7175800e+000  9.0000000e-001
  9.0327110e+000  5.7180580e+000  9.0000000e-001
  8.9553260e+000  5.8164950e+000  9.0000000e-001
  8.9558270e+000  5.9144530e+000  9.0000000e-001
  9.0342790e+000  6.0119540e+000  9.0000000e-001
  9.0348020e+000  6.1099200e+000  9.0000000e-001
  9.1133200e+000  6.2074410e+000  9.0000000e-001
  9.1907480e+000  6.1090170e+000  9.0000000e-001
  9.1913140e+000  6.2069960e+000  9.0000000e-001
  9.2698970e+000  6.3045380e+000  9.0000000e-001
  9.3473030e+000  6.2061070e+000  9.0000000e-001
  9.4246660e+000  6.1076640e+000  9.0000000e-001
  9.4240340e+000  6.0096640e+000  9.0000000e-001
  9.3454730e+000  5.9121300e+000  9.0000000e-001
  9.3448630e+000  5.8141370e+000  9.0000000e-001
  9.4227700e+000  5.8136660e+000  9.0000000e-001
  9.5006780e+000  5.8131940e+000  9.0000000e-001
  9.5013310e+000  5.9112000e+000  9.0000000e-001
  9.5799360e+000  6.0087480e+000  9.0000000e-001
  9.6571890e+000  5.9102710e+000  9.0000000e-001
  9.7351190e+000  5.9098060e+000  9.0000000e-001
  9.8137890e+000  6.0073750e+000  9.0000000e-001
  9.7351190e+000  5.9098060e+000  9.0000000e-001
  9.6571890e+000  5.9102710e+000  9.0000000e-001
  9.5799360e+000  6.0087480e+000  9.0000000e-001
  9.5806110e+000  6.1067610e+000  9.0000000e-001
  9.5032920e+000  6.2052190e+000  9.0000000e-001
  9.4252980e+000  6.2056630e+000  9.0000000e-001
  9.3473030e+000  6.2061070e+000  9.0000000e-001
  9.2698970e+000  6.3045380e+000  9.0000000e-001
  9.4265620e+000  6.4016620e+000  9.0000000e-001
  9.5046000e+000  6.4012310e+000  9.0000000e-001
  9.5826380e+000  6.4008000e+000  9.0000000e-001
  9.6599780e+000  6.3023500e+000  9.0000000e-001
  9.5826380e+000  6.4008000e+000  9.0000000e-001
  8.8017990e+000  6.3071640e+000  9.0000000e-001
  8.8013420e+000  6.2092180e+000  9.0000000e-001
  8.8008840e+000  6.1112730e+000  9.0000000e-001
  8.8004270e+000  6.0133280e+000  9.0000000e-001
  8.7220400e+000  5.9158480e+000  9.0000000e-001
  8.7216040e+000  5.8179090e+000  9.0000000e-001
  8.7211680e+000  5.7199710e+000  9.0000000e-001
  8.7207330e+000  5.6220330e+000  9.0000000e-001
  8.6424550e+000  5.5245860e+000  9.0000000e-001
  8.5646130e+000  5.5250780e+000  9.0000000e-001
  8.4867710e+000  5.5255700e+000  9.0000000e-001
  8.4092780e+000  5.6239730e+000  9.0000000e-001
  8.3310870e+000  5.5265540e+000  9.0000000e-001
  8.2535500e+000  5.6249430e+000  9.0000000e-001
  8.2538550e+000  5.7228410e+000  9.0000000e-001
  8.2541600e+000  5.8207390e+000  9.0000000e-001
  8.1765360e+000  5.9191010e+000  9.0000000e-001
  8.0988680e+000  6.0174500e+000  9.0000000e-001
  8.0211570e+000  6.1157850e+000  9.0000000e-001
  7.9434020e+000  6.2141070e+000  9.0000000e-001
  7.8654080e+000  6.2145510e+000  9.0000000e-001
  7.7874130e+000  6.2149960e+000  9.0000000e-001
  7.7094190e+000  6.2154400e+000  9.0000000e-001
  7.3974410e+000  6.2172180e+000  9.0000000e-001
  7.7094190e+000  6.2154400e+000  9.0000000e-001
  7.6312940e+000  6.1180410e+000  9.0000000e-001
  7.5532120e+000  6.0206560e+000  9.0000000e-001
  7.4752610e+000  6.0211140e+000  9.0000000e-001
  7.3973100e+000  6.0215720e+000  9.0000000e-001
  7.3972450e+000  5.9237490e+000  9.0000000e-001
  7.3971790e+000  5.8259250e+000  9.0000000e-001
