  3.6297180e+000  1.8718081e+001  2.2000000e+000
  3.7091630e+000  1.8620291e+001  2.2000000e+000
  3.7087070e+000  1.8521407e+001  2.2000000e+000
  3.7082510e+000  1.8422523e+001  2.2000000e+000
  3.7077950e+000  1.8323640e+001  2.2000000e+000
  3.7073390e+000  1.8224756e+001  2.2000000e+000
  3.7867120e+000  1.8126936e+001  2.2000000e+000
  3.7064270e+000  1.8026989e+001  2.2000000e+000
  3.7059700e+000  1.7928106e+001  2.2000000e+000
  3.7857770e+000  1.7929159e+001  2.2000000e+000
  3.8651030e+000  1.7831318e+001  2.2000000e+000
  3.8646230e+000  1.7732424e+001  2.2000000e+000
  3.7843730e+000  1.7632493e+001  2.2000000e+000
  3.8636630e+000  1.7534637e+001  2.2000000e+000
  3.8631840e+000  1.7435743e+001  2.2000000e+000
  3.8627040e+000  1.7336850e+001  2.2000000e+000
  3.8622240e+000  1.7237956e+001  2.2000000e+000
  3.9414560e+000  1.7140075e+001  2.2000000e+000
  3.9409640e+000  1.7041177e+001  2.2000000e+000
  4.0206630e+000  1.7042185e+001  2.2000000e+000
  4.1003620e+000  1.7043192e+001  2.2000000e+000
  4.1795340e+000  1.6945286e+001  2.2000000e+000
  4.2586820e+000  1.6847370e+001  2.2000000e+000
  4.2581430e+000  1.6748452e+001  2.2000000e+000
  4.2576040e+000  1.6649533e+001  2.2000000e+000
  4.2565260e+000  1.6451696e+001  2.2000000e+000
  4.3356030e+000  1.6353750e+001  2.2000000e+000
  4.3350510e+000  1.6254826e+001  2.2000000e+000
  4.3345000e+000  1.6155902e+001  2.2000000e+000
  4.2543690e+000  1.6056021e+001  2.2000000e+000
  4.2538300e+000  1.5957102e+001  2.2000000e+000
  4.2532910e+000  1.5858183e+001  2.2000000e+000
  4.2527510e+000  1.5759265e+001  2.2000000e+000
  4.2522120e+000  1.5660346e+001  2.2000000e+000
  4.3311940e+000  1.5562360e+001  2.2000000e+000
  4.3306430e+000  1.5463436e+001  2.2000000e+000
  4.4095890e+000  1.5365435e+001  2.2000000e+000
  4.4090270e+000  1.5266506e+001  2.2000000e+000
  4.4084640e+000  1.5167578e+001  2.2000000e+000
  4.3284390e+000  1.5067741e+001  2.2000000e+000
  4.4073380e+000  1.4969720e+001  2.2000000e+000
  4.4067750e+000  1.4870791e+001  2.2000000e+000
  4.4062120e+000  1.4771863e+001  2.2000000e+000
  4.4056490e+000  1.4672934e+001  2.2000000e+000
  4.4844880e+000  1.4574888e+001  2.2000000e+000
  4.4839140e+000  1.4475954e+001  2.2000000e+000
  4.4833390e+000  1.4377020e+001  2.2000000e+000
  4.4033970e+000  1.4277219e+001  2.2000000e+000
  4.3240310e+000  1.4276352e+001  2.2000000e+000
  4.2452030e+000  1.4374403e+001  2.2000000e+000
  4.2446640e+000  1.4275484e+001  2.2000000e+000
  4.3240310e+000  1.4276352e+001  2.2000000e+000
  4.4033970e+000  1.4277219e+001  2.2000000e+000
  4.4821890e+000  1.4179153e+001  2.2000000e+000
  4.4816140e+000  1.4080219e+001  2.2000000e+000
  4.5603710e+000  1.3982137e+001  2.2000000e+000
  4.4804650e+000  1.3882351e+001  2.2000000e+000
  4.4011460e+000  1.3881504e+001  2.2000000e+000
  4.3218260e+000  1.3880657e+001  2.2000000e+000
  4.2425070e+000  1.3879810e+001  2.2000000e+000
  4.2419680e+000  1.3780891e+001  2.2000000e+000
  4.1621340e+000  1.3681135e+001  2.2000000e+000
  4.1616060e+000  1.3582221e+001  2.2000000e+000
  4.2403510e+000  1.3484135e+001  2.2000000e+000
  4.1605520e+000  1.3384394e+001  2.2000000e+000
  4.2392720e+000  1.3286298e+001  2.2000000e+000
  4.3179690e+000  1.3188191e+001  2.2000000e+000
  4.3174180e+000  1.3089267e+001  2.2000000e+000
  4.3168670e+000  1.2990344e+001  2.2000000e+000
  4.3955160e+000  1.2892217e+001  2.2000000e+000
  4.3949530e+000  1.2793288e+001  2.2000000e+000
  4.3943910e+000  1.2694359e+001  2.2000000e+000
  4.3146630e+000  1.2594649e+001  2.2000000e+000
  4.3141120e+000  1.2495725e+001  2.2000000e+000
  4.3135610e+000  1.2396801e+001  2.2000000e+000
  4.2338810e+000  1.2297111e+001  2.2000000e+000
  4.2333410e+000  1.2198192e+001  2.2000000e+000
  4.2328020e+000  1.2099273e+001  2.2000000e+000
  4.2322630e+000  1.2000355e+001  2.2000000e+000
  4.2317240e+000  1.1901436e+001  2.2000000e+000
  4.2311850e+000  1.1802517e+001  2.2000000e+000
  4.2306460e+000  1.1703599e+001  2.2000000e+000
  4.2301060e+000  1.1604680e+001  2.2000000e+000
  4.3086010e+000  1.1506488e+001  2.2000000e+000
  4.3080500e+000  1.1407564e+001  2.2000000e+000
  4.3074990e+000  1.1308641e+001  2.2000000e+000
  4.3069480e+000  1.1209717e+001  2.2000000e+000
  4.2274110e+000  1.1110086e+001  2.2000000e+000
  4.2268710e+000  1.1011168e+001  2.2000000e+000
  4.2263320e+000  1.0912249e+001  2.2000000e+000
  4.3047440e+000  1.0814022e+001  2.2000000e+000
  4.3041930e+000  1.0715098e+001  2.2000000e+000
  4.3036420e+000  1.0616175e+001  2.2000000e+000
  4.3030910e+000  1.0517251e+001  2.2000000e+000
  4.3814430e+000  1.0418999e+001  2.2000000e+000
  4.3808800e+000  1.0320070e+001  2.2000000e+000
  4.3803180e+000  1.0221141e+001  2.2000000e+000
  4.3797550e+000  1.0122213e+001  2.2000000e+000
  4.3797550e+000  1.0122213e+001  2.2000000e+000
  4.2592210e+000  1.6946289e+001  2.2000000e+000
  3.6297180e+000  1.8718081e+001  2.2000000e+000
  3.3929620e+000  1.8485903e+001  2.3000000e+000
  3.4716580e+000  1.8387267e+001  2.3000000e+000
  3.5503320e+000  1.8288630e+001  2.3000000e+000
  3.5490620e+000  1.8188880e+001  2.3000000e+000
  3.4678810e+000  1.8088022e+001  2.3000000e+000
  3.4666220e+000  1.7988273e+001  2.3000000e+000
  3.5452520e+000  1.7889632e+001  2.3000000e+000
  3.5439820e+000  1.7789882e+001  2.3000000e+000
  3.6225780e+000  1.7691239e+001  2.3000000e+000
  3.7011520e+000  1.7592593e+001  2.3000000e+000
  3.6200160e+000  1.7491738e+001  2.3000000e+000
  3.5401720e+000  1.7490634e+001  2.3000000e+000
  3.4590690e+000  1.7389782e+001  2.3000000e+000
  3.5389020e+000  1.7390884e+001  2.3000000e+000
  3.6187350e+000  1.7391987e+001  2.3000000e+000
  3.6972750e+000  1.7293339e+001  2.3000000e+000
  3.6959830e+000  1.7193587e+001  2.3000000e+000
  3.7744910e+000  1.7094936e+001  2.3000000e+000
  3.8556040e+000  1.7195789e+001  2.3000000e+000
  3.9340900e+000  1.7097136e+001  2.3000000e+000
  4.0125530e+000  1.6998481e+001  2.3000000e+000
  4.0112160e+000  1.6898726e+001  2.3000000e+000
  4.0896460e+000  1.6800068e+001  2.3000000e+000
  4.0882980e+000  1.6700312e+001  2.3000000e+000
  4.0869510e+000  1.6600556e+001  2.3000000e+000
  4.0842550e+000  1.6401044e+001  2.3000000e+000
  4.0829080e+000  1.6301288e+001  2.3000000e+000
  4.0815600e+000  1.6201532e+001  2.3000000e+000
  4.0802130e+000  1.6101776e+001  2.3000000e+000
  3.9991870e+000  1.6000930e+001  2.3000000e+000
  4.0775170e+000  1.5902264e+001  2.3000000e+000
  4.0761700e+000  1.5802507e+001  2.3000000e+000
  4.0748220e+000  1.5702751e+001  2.3000000e+000
  4.0734740e+000  1.5602995e+001  2.3000000e+000
  4.0721270e+000  1.5503239e+001  2.3000000e+000
  4.1503900e+000  1.5404567e+001  2.3000000e+000
  4.1490310e+000  1.5304810e+001  2.3000000e+000
  4.0680840e+000  1.5203971e+001  2.3000000e+000
  4.1463140e+000  1.5105296e+001  2.3000000e+000
  4.2245220e+000  1.5006620e+001  2.3000000e+000
  4.1435970e+000  1.4905782e+001  2.3000000e+000
  4.0626930e+000  1.4804947e+001  2.3000000e+000
  4.1422380e+000  1.4806025e+001  2.3000000e+000
  4.2204130e+000  1.4707346e+001  2.3000000e+000
  4.2985650e+000  1.4608665e+001  2.3000000e+000
  4.2176730e+000  1.4507830e+001  2.3000000e+000
  4.2958030e+000  1.4409147e+001  2.3000000e+000
  4.2149330e+000  1.4308314e+001  2.3000000e+000
  4.2135640e+000  1.4208556e+001  2.3000000e+000
  4.2121940e+000  1.4108798e+001  2.3000000e+000
  4.1313680e+000  1.4007970e+001  2.3000000e+000
  4.0505650e+000  1.3907142e+001  2.3000000e+000
  3.9724560e+000  1.4005828e+001  2.3000000e+000
  3.9711200e+000  1.3906072e+001  2.3000000e+000
  3.9697830e+000  1.3806317e+001  2.3000000e+000
  4.0478690e+000  1.3707630e+001  2.3000000e+000
  3.9671100e+000  1.3606807e+001  2.3000000e+000
  3.8876990e+000  1.3605740e+001  2.3000000e+000
  3.9657740e+000  1.3507052e+001  2.3000000e+000
  3.9644370e+000  1.3407297e+001  2.3000000e+000
  4.0424790e+000  1.3308606e+001  2.3000000e+000
  4.0411310e+000  1.3208850e+001  2.3000000e+000
  4.0397840e+000  1.3109094e+001  2.3000000e+000
  4.0384360e+000  1.3009338e+001  2.3000000e+000
  4.0370880e+000  1.2909582e+001  2.3000000e+000
  4.1150630e+000  1.2810886e+001  2.3000000e+000
  4.1137050e+000  1.2711129e+001  2.3000000e+000
  4.0330450e+000  1.2610314e+001  2.3000000e+000
  4.1109870e+000  1.2511615e+001  2.3000000e+000
  4.1096290e+000  1.2411858e+001  2.3000000e+000
  4.0290020e+000  1.2311046e+001  2.3000000e+000
  4.0276550e+000  1.2211290e+001  2.3000000e+000
  4.1055520e+000  1.2112587e+001  2.3000000e+000
  4.0249600e+000  1.2011777e+001  2.3000000e+000
  3.9457260e+000  1.2010725e+001  2.3000000e+000
  4.0236120e+000  1.1912021e+001  2.3000000e+000
  3.9430520e+000  1.1811215e+001  2.3000000e+000
  3.9417160e+000  1.1711460e+001  2.3000000e+000
  4.0195690e+000  1.1612753e+001  2.3000000e+000
  4.0974000e+000  1.1514045e+001  2.3000000e+000
  4.0168740e+000  1.1413241e+001  2.3000000e+000
  3.9377060e+000  1.1412195e+001  2.3000000e+000
  3.9363700e+000  1.1312439e+001  2.3000000e+000
  4.0141790e+000  1.1213729e+001  2.3000000e+000
  4.0128310e+000  1.1113973e+001  2.3000000e+000
  4.0114830e+000  1.1014217e+001  2.3000000e+000
  4.0101360e+000  1.0914461e+001  2.3000000e+000
  4.0087880e+000  1.0814705e+001  2.3000000e+000
  4.0074400e+000  1.0714949e+001  2.3000000e+000
  4.0909930e+000  1.6899824e+001  2.3000000e+000
  3.5579520e+000  1.8887127e+001  2.3000000e+000
  3.4792110e+000  1.8985759e+001  2.3000000e+000
  3.3992010e+000  1.8984641e+001  2.3000000e+000
  3.4779520e+000  1.8886010e+001  2.3000000e+000
  3.3967050e+000  1.8785145e+001  2.3000000e+000
  3.4754350e+000  1.8686513e+001  2.3000000e+000
  3.4741760e+000  1.8586764e+001  2.3000000e+000
  3.3929620e+000  1.8485903e+001  2.3000000e+000
  3.4142450e+000  1.8862862e+001  2.4000000e+000
  3.4942070e+000  1.8760139e+001  2.4000000e+000
  3.4945110e+000  1.8657516e+001  2.4000000e+000
  3.4948140e+000  1.8554893e+001  2.4000000e+000
  3.4951170e+000  1.8452270e+001  2.4000000e+000
  3.4954200e+000  1.8349647e+001  2.4000000e+000
  3.4957230e+000  1.8247024e+001  2.4000000e+000
  3.5756100e+000  1.8144304e+001  2.4000000e+000
  3.4963290e+000  1.8041777e+001  2.4000000e+000
  3.4966320e+000  1.7939154e+001  2.4000000e+000
  3.5764870e+000  1.7836435e+001  2.4000000e+000
  3.4972380e+000  1.7733908e+001  2.4000000e+000
  3.5770720e+000  1.7631190e+001  2.4000000e+000
  3.6568850e+000  1.7528473e+001  2.4000000e+000
  3.5776570e+000  1.7425944e+001  2.4000000e+000
  3.4981470e+000  1.7426039e+001  2.4000000e+000
  3.5776570e+000  1.7425944e+001  2.4000000e+000
  3.6574480e+000  1.7323228e+001  2.4000000e+000
  3.5782410e+000  1.7220699e+001  2.4000000e+000
  3.5785340e+000  1.7118076e+001  2.4000000e+000
  3.5788260e+000  1.7015453e+001  2.4000000e+000
  3.4996620e+000  1.6912923e+001  2.4000000e+000
  3.5788260e+000  1.7015453e+001  2.4000000e+000
  3.5785340e+000  1.7118076e+001  2.4000000e+000
  3.6577300e+000  1.7220606e+001  2.4000000e+000
  3.6574480e+000  1.7323228e+001  2.4000000e+000
  3.7366760e+000  1.7425756e+001  2.4000000e+000
  3.8161860e+000  1.7425662e+001  2.4000000e+000
  3.8956950e+000  1.7425568e+001  2.4000000e+000
  3.9754440e+000  1.7322853e+001  2.4000000e+000
  3.9756830e+000  1.7220232e+001  2.4000000e+000
  3.9759220e+000  1.7117611e+001  2.4000000e+000
  4.0556280e+000  1.7014898e+001  2.4000000e+000
  4.0558560e+000  1.6912277e+001  2.4000000e+000
  4.0565410e+000  1.6604416e+001  2.4000000e+000
  4.0567700e+000  1.6501795e+001  2.4000000e+000
  4.0569980e+000  1.6399175e+001  2.4000000e+000
  4.0572260e+000  1.6296554e+001  2.4000000e+000
  4.0574550e+000  1.6193934e+001  2.4000000e+000
  4.0576830e+000  1.6091313e+001  2.4000000e+000
  4.0579110e+000  1.5988693e+001  2.4000000e+000
  4.1374890e+000  1.5885984e+001  2.4000000e+000
  4.0583680e+000  1.5783452e+001  2.4000000e+000
  4.1379240e+000  1.5680744e+001  2.4000000e+000
  4.1381420e+000  1.5578124e+001  2.4000000e+000
  4.2176670e+000  1.5475417e+001  2.4000000e+000
  4.2178730e+000  1.5372797e+001  2.4000000e+000
  4.2180810e+000  1.5270177e+001  2.4000000e+000
  4.2182870e+000  1.5167557e+001  2.4000000e+000
  4.2184950e+000  1.5064938e+001  2.4000000e+000
  4.1394480e+000  1.4962403e+001  2.4000000e+000
  4.2189080e+000  1.4859698e+001  2.4000000e+000
  4.2983480e+000  1.4756994e+001  2.4000000e+000
  4.2985440e+000  1.4654375e+001  2.4000000e+000
  4.2195290e+000  1.4551839e+001  2.4000000e+000
  4.1405360e+000  1.4449303e+001  2.4000000e+000
  4.2195290e+000  1.4551839e+001  2.4000000e+000
  4.2989360e+000  1.4449136e+001  2.4000000e+000
  4.2991330e+000  1.4346517e+001  2.4000000e+000
  4.2993290e+000  1.4243898e+001  2.4000000e+000
  4.2203570e+000  1.4141360e+001  2.4000000e+000
  4.1411890e+000  1.4141442e+001  2.4000000e+000
  4.0620210e+000  1.4141524e+001  2.4000000e+000
  3.9828530e+000  1.4141606e+001  2.4000000e+000
  4.0620210e+000  1.4141524e+001  2.4000000e+000
  4.1414070e+000  1.4038822e+001  2.4000000e+000
  4.1416240e+000  1.3936202e+001  2.4000000e+000
  4.0627060e+000  1.3833663e+001  2.4000000e+000
  3.9833310e+000  1.3936365e+001  2.4000000e+000
  4.0627060e+000  1.3833663e+001  2.4000000e+000
  4.1420600e+000  1.3730962e+001  2.4000000e+000
  4.1422770e+000  1.3628342e+001  2.4000000e+000
  4.0633910e+000  1.3525802e+001  2.4000000e+000
  4.0636190e+000  1.3423181e+001  2.4000000e+000
  4.0638480e+000  1.3320561e+001  2.4000000e+000
  4.0640760e+000  1.3217940e+001  2.4000000e+000
  4.1433660e+000  1.3115241e+001  2.4000000e+000
  4.1435830e+000  1.3012621e+001  2.4000000e+000
  4.1438010e+000  1.2910001e+001  2.4000000e+000
  4.0649890e+000  1.2807458e+001  2.4000000e+000
  4.1440190e+000  1.2807381e+001  2.4000000e+000
  4.2232550e+000  1.2704684e+001  2.4000000e+000
  4.1444540e+000  1.2602141e+001  2.4000000e+000
  4.1446720e+000  1.2499521e+001  2.4000000e+000
  4.1448890e+000  1.2396901e+001  2.4000000e+000
  4.1451070e+000  1.2294281e+001  2.4000000e+000
  4.1453250e+000  1.2191661e+001  2.4000000e+000
  4.1455420e+000  1.2089041e+001  2.4000000e+000
  4.0668160e+000  1.1986495e+001  2.4000000e+000
  4.0670440e+000  1.1883874e+001  2.4000000e+000
  4.1461950e+000  1.1781180e+001  2.4000000e+000
  4.1464130e+000  1.1678560e+001  2.4000000e+000
  4.1466300e+000  1.1575940e+001  2.4000000e+000
  4.1468480e+000  1.1473320e+001  2.4000000e+000
  4.0681860e+000  1.1370772e+001  2.4000000e+000
  4.0684140e+000  1.1268151e+001  2.4000000e+000
  4.0686430e+000  1.1165531e+001  2.4000000e+000
  4.0688710e+000  1.1062910e+001  2.4000000e+000
  4.1479360e+000  1.0960219e+001  2.4000000e+000
  4.1481540e+000  1.0857599e+001  2.4000000e+000
  4.1483720e+000  1.0754979e+001  2.4000000e+000
  4.1485890e+000  1.0652359e+001  2.4000000e+000
  4.1488070e+000  1.0549739e+001  2.4000000e+000
  4.1490250e+000  1.0447119e+001  2.4000000e+000
  4.2955990e+000  1.6193665e+001  2.4000000e+000
  4.0554000e+000  1.7117518e+001  2.4000000e+000
  3.4136180e+000  1.9068109e+001  2.4000000e+000
  3.4139320e+000  1.8965485e+001  2.4000000e+000
  3.4142450e+000  1.8862862e+001  2.4000000e+000
  3.2242300e+000  1.8806162e+001  2.5000000e+000
  3.3052920e+000  1.8706846e+001  2.5000000e+000
  3.3063500e+000  1.8606630e+001  2.5000000e+000
  3.3074090e+000  1.8506415e+001  2.5000000e+000
  3.3084670e+000  1.8406199e+001  2.5000000e+000
  3.3894720e+000  1.8306838e+001  2.5000000e+000
  3.3105830e+000  1.8205767e+001  2.5000000e+000
  3.3116410e+000  1.8105552e+001  2.5000000e+000
  3.3926130e+000  1.8006164e+001  2.5000000e+000
  3.3936590e+000  1.7905939e+001  2.5000000e+000
  3.3947060e+000  1.7805714e+001  2.5000000e+000
  3.3158730e+000  1.7704689e+001  2.5000000e+000
  3.3169310e+000  1.7604473e+001  2.5000000e+000
  3.3978460e+000  1.7505040e+001  2.5000000e+000
  3.3988930e+000  1.7404815e+001  2.5000000e+000
  3.4797740e+000  1.7305355e+001  2.5000000e+000
  3.4808100e+000  1.7205121e+001  2.5000000e+000
  3.4020330e+000  1.7104141e+001  2.5000000e+000
  3.4828810e+000  1.7004654e+001  2.5000000e+000
  3.4041270e+000  1.6903691e+001  2.5000000e+000
  3.4849520e+000  1.6804186e+001  2.5000000e+000
  3.4062210e+000  1.6703242e+001  2.5000000e+000
  3.4859870e+000  1.6703952e+001  2.5000000e+000
  3.5657530e+000  1.6704663e+001  2.5000000e+000
  3.6465320e+000  1.6605122e+001  2.5000000e+000
  3.6475450e+000  1.6504870e+001  2.5000000e+000
  3.5688260e+000  1.6403935e+001  2.5000000e+000
  3.4901290e+000  1.6303017e+001  2.5000000e+000
  3.4114540e+000  1.6202118e+001  2.5000000e+000
  3.4125010e+000  1.6101893e+001  2.5000000e+000
  3.4932350e+000  1.6002316e+001  2.5000000e+000
  3.4145950e+000  1.5901443e+001  2.5000000e+000
  3.3349190e+000  1.5900805e+001  2.5000000e+000
  3.3359770e+000  1.5800589e+001  2.5000000e+000
  3.3370350e+000  1.5700373e+001  2.5000000e+000
  3.3380930e+000  1.5600157e+001  2.5000000e+000
  3.4166880e+000  1.5700994e+001  2.5000000e+000
  3.3359770e+000  1.5800589e+001  2.5000000e+000
  3.4145950e+000  1.5901443e+001  2.5000000e+000
  3.4932350e+000  1.6002316e+001  2.5000000e+000
  3.5739460e+000  1.5902720e+001  2.5000000e+000
  3.5729220e+000  1.6002963e+001  2.5000000e+000
  3.4932350e+000  1.6002316e+001  2.5000000e+000
  3.4125010e+000  1.6101893e+001  2.5000000e+000
  3.4114540e+000  1.6202118e+001  2.5000000e+000
  3.4901290e+000  1.6303017e+001  2.5000000e+000
  3.5698500e+000  1.6303692e+001  2.5000000e+000
  3.6505840e+000  1.6204115e+001  2.5000000e+000
  3.5698500e+000  1.6303692e+001  2.5000000e+000
  3.5688260e+000  1.6403935e+001  2.5000000e+000
  3.6475450e+000  1.6504870e+001  2.5000000e+000
  3.7282900e+000  1.6405302e+001  2.5000000e+000
  3.8090130e+000  1.6305716e+001  2.5000000e+000
  3.8100030e+000  1.6205446e+001  2.5000000e+000
  3.8109930e+000  1.6105176e+001  2.5000000e+000
  3.8916700e+000  1.6005554e+001  2.5000000e+000
  3.8926490e+000  1.5905275e+001  2.5000000e+000
  3.8139630e+000  1.5804366e+001  2.5000000e+000
  3.8946070e+000  1.5704717e+001  2.5000000e+000
  3.8955860e+000  1.5604438e+001  2.5000000e+000
  3.9761950e+000  1.5504762e+001  2.5000000e+000
  4.0567810e+000  1.5405067e+001  2.5000000e+000
  4.0577370e+000  1.5304770e+001  2.5000000e+000
  4.0586940e+000  1.5204473e+001  2.5000000e+000
  4.0596500e+000  1.5104176e+001  2.5000000e+000
  4.0606060e+000  1.5003880e+001  2.5000000e+000
  3.9820000e+000  1.4903034e+001  2.5000000e+000
  4.0625180e+000  1.4803286e+001  2.5000000e+000
  3.9839350e+000  1.4702458e+001  2.5000000e+000
  3.9043950e+000  1.4701928e+001  2.5000000e+000
  3.9839350e+000  1.4702458e+001  2.5000000e+000
  4.0644300e+000  1.4602692e+001  2.5000000e+000
  4.1439590e+000  1.4603213e+001  2.5000000e+000
  4.2244210e+000  1.4503420e+001  2.5000000e+000
  4.1458480e+000  1.4402601e+001  2.5000000e+000
  4.0672990e+000  1.4301801e+001  2.5000000e+000
  3.9887720e+000  1.4201019e+001  2.5000000e+000
  3.9102670e+000  1.4100255e+001  2.5000000e+000
  3.8307960e+000  1.4099778e+001  2.5000000e+000
  3.7513240e+000  1.4099302e+001  2.5000000e+000
  3.6708390e+000  1.4199078e+001  2.5000000e+000
  3.7513240e+000  1.4099302e+001  2.5000000e+000
  3.7523250e+000  1.3999041e+001  2.5000000e+000
  3.8307960e+000  1.4099778e+001  2.5000000e+000
  3.9112460e+000  1.3999976e+001  2.5000000e+000
  3.9897390e+000  1.4100731e+001  2.5000000e+000
  4.0692110e+000  1.4101207e+001  2.5000000e+000
  4.1496280e+000  1.4001377e+001  2.5000000e+000
  4.1515170e+000  1.3800766e+001  2.5000000e+000
  4.1524620e+000  1.3700460e+001  2.5000000e+000
  4.0739920e+000  1.3599722e+001  2.5000000e+000
  3.9955440e+000  1.3499003e+001  2.5000000e+000
  3.9965120e+000  1.3398716e+001  2.5000000e+000
  3.9974790e+000  1.3298428e+001  2.5000000e+000
  3.9190770e+000  1.3197745e+001  2.5000000e+000
  3.9994140e+000  1.3097852e+001  2.5000000e+000
  3.9210340e+000  1.2997187e+001  2.5000000e+000
  3.9220130e+000  1.2896908e+001  2.5000000e+000
  4.0023160e+000  1.2796988e+001  2.5000000e+000
  4.0032840e+000  1.2696700e+001  2.5000000e+000
  4.0042510e+000  1.2596412e+001  2.5000000e+000
  4.0052190e+000  1.2496124e+001  2.5000000e+000
  4.0854650e+000  1.2396159e+001  2.5000000e+000
  4.0864220e+000  1.2295862e+001  2.5000000e+000
  4.0873780e+000  1.2195565e+001  2.5000000e+000
  4.0090890e+000  1.2094973e+001  2.5000000e+000
  4.0100560e+000  1.1994685e+001  2.5000000e+000
  4.0110240e+000  1.1894397e+001  2.5000000e+000
  3.9327800e+000  1.1793840e+001  2.5000000e+000
  4.0129590e+000  1.1693821e+001  2.5000000e+000
  4.0139260e+000  1.1593533e+001  2.5000000e+000
  3.9357160e+000  1.1493003e+001  2.5000000e+000
  3.9366950e+000  1.1392724e+001  2.5000000e+000
  4.0158610e+000  1.1392957e+001  2.5000000e+000
  4.0959830e+000  1.1292893e+001  2.5000000e+000
  4.0177960e+000  1.1192381e+001  2.5000000e+000
  4.0187630e+000  1.1092093e+001  2.5000000e+000
  3.9406100e+000  1.0991609e+001  2.5000000e+000
  3.9415890e+000  1.0891330e+001  2.5000000e+000
  3.9425680e+000  1.0791051e+001  2.5000000e+000
  4.0226330e+000  1.0690942e+001  2.5000000e+000
  4.0236010e+000  1.0590654e+001  2.5000000e+000
  4.0245680e+000  1.0490366e+001  2.5000000e+000
  4.0255360e+000  1.0390078e+001  2.5000000e+000
  4.0265030e+000  1.0289790e+001  2.5000000e+000
  4.0274710e+000  1.0189502e+001  2.5000000e+000
  4.1074570e+000  1.0089330e+001  2.5000000e+000
  4.1084130e+000  9.9890330e+000  2.5000000e+000
  4.1883650e+000  9.8888330e+000  2.5000000e+000
  4.1893100e+000  9.7885270e+000  2.5000000e+000
  4.1902550e+000  9.6882210e+000  2.5000000e+000
  4.1921440e+000  9.4876100e+000  2.5000000e+000
  3.7042550e+000  1.8811563e+001  2.5000000e+000
  3.5442470e+000  1.8809762e+001  2.5000000e+000
  3.2242300e+000  1.8806162e+001  2.5000000e+000
  3.6294720e+000  1.8752034e+001  2.6000000e+000
  3.7076060e+000  1.8654678e+001  2.6000000e+000
  3.7067350e+000  1.8555643e+001  2.6000000e+000
  3.7058640e+000  1.8456609e+001  2.6000000e+000
  3.7049920e+000  1.8357575e+001  2.6000000e+000
  3.7041210e+000  1.8258541e+001  2.6000000e+000
  3.7032500e+000  1.8159506e+001  2.6000000e+000
  3.7023790e+000  1.8060472e+001  2.6000000e+000
  3.7804260e+000  1.7963091e+001  2.6000000e+000
  3.7006360e+000  1.7862404e+001  2.6000000e+000
  3.7795440e+000  1.7864053e+001  2.6000000e+000
  3.8575590e+000  1.7766662e+001  2.6000000e+000
  3.7777800e+000  1.7665978e+001  2.6000000e+000
  3.6988940e+000  1.7664335e+001  2.6000000e+000
  3.7768980e+000  1.7566941e+001  2.6000000e+000
  3.7760160e+000  1.7467904e+001  2.6000000e+000
  3.8539870e+000  1.7370500e+001  2.6000000e+000
  3.8530940e+000  1.7271459e+001  2.6000000e+000
  3.9328410e+000  1.7372134e+001  2.6000000e+000
  4.0107800e+000  1.7274720e+001  2.6000000e+000
  4.0098650e+000  1.7175674e+001  2.6000000e+000
  3.9301290e+000  1.7075002e+001  2.6000000e+000
  3.8504150e+000  1.6974338e+001  2.6000000e+000
  3.8495220e+000  1.6875297e+001  2.6000000e+000
  3.9274180e+000  1.6777871e+001  2.6000000e+000
  3.8495220e+000  1.6875297e+001  2.6000000e+000
  3.8504150e+000  1.6974338e+001  2.6000000e+000
  3.9301290e+000  1.7075002e+001  2.6000000e+000
  4.0098650e+000  1.7175674e+001  2.6000000e+000
  4.0896230e+000  1.7276351e+001  2.6000000e+000
  4.1675290e+000  1.7178928e+001  2.6000000e+000
  4.1665930e+000  1.7079875e+001  2.6000000e+000
  4.2444660e+000  1.6982443e+001  2.6000000e+000
  4.2435190e+000  1.6883386e+001  2.6000000e+000
  4.1637830e+000  1.6782715e+001  2.6000000e+000
  4.1628470e+000  1.6683662e+001  2.6000000e+000
  4.2416250e+000  1.6685274e+001  2.6000000e+000
  4.3194440e+000  1.6587826e+001  2.6000000e+000
  4.3972420e+000  1.6490371e+001  2.6000000e+000
  4.3175280e+000  1.6389707e+001  2.6000000e+000
  4.2387830e+000  1.6388105e+001  2.6000000e+000
  4.2378350e+000  1.6289048e+001  2.6000000e+000
  4.2368880e+000  1.6189992e+001  2.6000000e+000
  4.2359410e+000  1.6090935e+001  2.6000000e+000
  4.2368880e+000  1.6189992e+001  2.6000000e+000
  4.2378350e+000  1.6289048e+001  2.6000000e+000
  4.3175280e+000  1.6389707e+001  2.6000000e+000
  4.3953040e+000  1.6292246e+001  2.6000000e+000
  4.4730580e+000  1.6194779e+001  2.6000000e+000
  4.3933660e+000  1.6094121e+001  2.6000000e+000
  4.3923970e+000  1.5995058e+001  2.6000000e+000
  4.3914280e+000  1.5895995e+001  2.6000000e+000
  4.3117790e+000  1.5795349e+001  2.6000000e+000
  4.2340460e+000  1.5892823e+001  2.6000000e+000
  4.3117790e+000  1.5795349e+001  2.6000000e+000
  4.2321520e+000  1.5694710e+001  2.6000000e+000
  4.1534830e+000  1.5693130e+001  2.6000000e+000
  4.2321520e+000  1.5694710e+001  2.6000000e+000
  4.3098630e+000  1.5597230e+001  2.6000000e+000
  4.3089040e+000  1.5498171e+001  2.6000000e+000
  4.3079460e+000  1.5399111e+001  2.6000000e+000
  4.3856140e+000  1.5301619e+001  2.6000000e+000
  4.3846450e+000  1.5202556e+001  2.6000000e+000
  4.3050720e+000  1.5101933e+001  2.6000000e+000
  4.3827070e+000  1.5004431e+001  2.6000000e+000
  4.3817380e+000  1.4905368e+001  2.6000000e+000
  4.3021970e+000  1.4804754e+001  2.6000000e+000
  4.3817380e+000  1.4905368e+001  2.6000000e+000
  4.4593400e+000  1.4807857e+001  2.6000000e+000
  4.4583600e+000  1.4708791e+001  2.6000000e+000
  4.4573800e+000  1.4609725e+001  2.6000000e+000
  4.5349390e+000  1.4512201e+001  2.6000000e+000
  4.5339480e+000  1.4413132e+001  2.6000000e+000
  4.5329580e+000  1.4314063e+001  2.6000000e+000
  4.4534610e+000  1.4213462e+001  2.6000000e+000
  4.3739850e+000  1.4112867e+001  2.6000000e+000
  4.4534610e+000  1.4213462e+001  2.6000000e+000
  4.5309760e+000  1.4115925e+001  2.6000000e+000
  4.5299850e+000  1.4016856e+001  2.6000000e+000
  4.5289950e+000  1.3917787e+001  2.6000000e+000
  4.4495410e+000  1.3817198e+001  2.6000000e+000
  4.5270130e+000  1.3719649e+001  2.6000000e+000
  4.4475810e+000  1.3619066e+001  2.6000000e+000
  4.3681710e+000  1.3518490e+001  2.6000000e+000
  4.4456220e+000  1.3420935e+001  2.6000000e+000
  4.4446420e+000  1.3321869e+001  2.6000000e+000
  4.4436620e+000  1.3222803e+001  2.6000000e+000
  4.3642950e+000  1.3122240e+001  2.6000000e+000
  4.4417020e+000  1.3024671e+001  2.6000000e+000
  4.3623570e+000  1.2924114e+001  2.6000000e+000
  4.2839920e+000  1.2922623e+001  2.6000000e+000
  4.3613880e+000  1.2825051e+001  2.6000000e+000
  4.2820760e+000  1.2724504e+001  2.6000000e+000
  4.3594500e+000  1.2626926e+001  2.6000000e+000
  4.2801600e+000  1.2526385e+001  2.6000000e+000
  4.3575120e+000  1.2428801e+001  2.6000000e+000
  4.3565430e+000  1.2329738e+001  2.6000000e+000
  4.2772850e+000  1.2229206e+001  2.6000000e+000
  4.2763270e+000  1.2130147e+001  2.6000000e+000
  4.2753690e+000  1.2031087e+001  2.6000000e+000
  4.2744110e+000  1.1932028e+001  2.6000000e+000
  4.2734530e+000  1.1832968e+001  2.6000000e+000
  4.2724940e+000  1.1733908e+001  2.6000000e+000
  4.1933120e+000  1.1633399e+001  2.6000000e+000
  4.2705780e+000  1.1535789e+001  2.6000000e+000
  4.1914180e+000  1.1435286e+001  2.6000000e+000
  4.1904710e+000  1.1336230e+001  2.6000000e+000
  4.1895230e+000  1.1237173e+001  2.6000000e+000
  4.1885760e+000  1.1138117e+001  2.6000000e+000
  4.1876290e+000  1.1039061e+001  2.6000000e+000
  3.7084770e+000  1.8753712e+001  2.6000000e+000
  3.6294720e+000  1.8752034e+001  2.6000000e+000
  3.5011380e+000  1.7951385e+001  2.7000000e+000
  3.5799610e+000  1.7848296e+001  2.7000000e+000
  3.5791440e+000  1.7745588e+001  2.7000000e+000
  3.6579400e+000  1.7642499e+001  2.7000000e+000
  3.6571140e+000  1.7539791e+001  2.7000000e+000
  3.6562880e+000  1.7437083e+001  2.7000000e+000
  3.6554630e+000  1.7334375e+001  2.7000000e+000
  3.7342130e+000  1.7231285e+001  2.7000000e+000
  3.7333780e+000  1.7128577e+001  2.7000000e+000
  3.8121020e+000  1.7025486e+001  2.7000000e+000
  3.8112580e+000  1.6922777e+001  2.7000000e+000
  3.7308740e+000  1.6820452e+001  2.7000000e+000
  3.8112580e+000  1.6922777e+001  2.7000000e+000
  3.8899550e+000  1.6819686e+001  2.7000000e+000
  3.9703560e+000  1.6922011e+001  2.7000000e+000
  4.0490350e+000  1.6818919e+001  2.7000000e+000
  4.1276950e+000  1.6715827e+001  2.7000000e+000
  4.2063380e+000  1.6612734e+001  2.7000000e+000
  4.1259360e+000  1.6510409e+001  2.7000000e+000
  4.0464230e+000  1.6510793e+001  2.7000000e+000
  3.9677710e+000  1.6613885e+001  2.7000000e+000
  4.0464230e+000  1.6510793e+001  2.7000000e+000
  4.1259360e+000  1.6510409e+001  2.7000000e+000
  4.2045600e+000  1.6407316e+001  2.7000000e+000
  4.1241760e+000  1.6304991e+001  2.7000000e+000
  4.1232960e+000  1.6202282e+001  2.7000000e+000
  4.2018930e+000  1.6099188e+001  2.7000000e+000
  4.2010040e+000  1.5996479e+001  2.7000000e+000
  4.2001160e+000  1.5893770e+001  2.7000000e+000
  4.1992270e+000  1.5791061e+001  2.7000000e+000
  4.1983380e+000  1.5688351e+001  2.7000000e+000
  4.1974490e+000  1.5585642e+001  2.7000000e+000
  4.1965600e+000  1.5482933e+001  2.7000000e+000
  4.1956710e+000  1.5380224e+001  2.7000000e+000
  4.2741880e+000  1.5277129e+001  2.7000000e+000
  4.2732900e+000  1.5174419e+001  2.7000000e+000
  4.1930050e+000  1.5072096e+001  2.7000000e+000
  4.2714940e+000  1.4969000e+001  2.7000000e+000
  4.2705960e+000  1.4866291e+001  2.7000000e+000
  4.2696980e+000  1.4763582e+001  2.7000000e+000
  4.3481510e+000  1.4660485e+001  2.7000000e+000
  4.3472440e+000  1.4557775e+001  2.7000000e+000
  4.3463370e+000  1.4455066e+001  2.7000000e+000
  4.3454300e+000  1.4352356e+001  2.7000000e+000
  4.2652090e+000  1.4250035e+001  2.7000000e+000
  4.2643110e+000  1.4147325e+001  2.7000000e+000
  4.3427100e+000  1.4044228e+001  2.7000000e+000
  4.3418030e+000  1.3941518e+001  2.7000000e+000
  4.2616170e+000  1.3839197e+001  2.7000000e+000
  4.1832270e+000  1.3942295e+001  2.7000000e+000
  4.2616170e+000  1.3839197e+001  2.7000000e+000
  4.2607190e+000  1.3736488e+001  2.7000000e+000
  4.1805610e+000  1.3634167e+001  2.7000000e+000
  4.1004200e+000  1.3531847e+001  2.7000000e+000
  4.1787830e+000  1.3428749e+001  2.7000000e+000
  4.2571280e+000  1.3325650e+001  2.7000000e+000
  4.1770050e+000  1.3223331e+001  2.7000000e+000
  4.1761160e+000  1.3120621e+001  2.7000000e+000
  4.0960210e+000  1.3018302e+001  2.7000000e+000
  4.0951410e+000  1.2915593e+001  2.7000000e+000
  4.0942610e+000  1.2812884e+001  2.7000000e+000
  4.1725610e+000  1.2709785e+001  2.7000000e+000
  4.1716720e+000  1.2607075e+001  2.7000000e+000
  4.2499450e+000  1.2503975e+001  2.7000000e+000
  4.2490470e+000  1.2401266e+001  2.7000000e+000
  4.2481490e+000  1.2298556e+001  2.7000000e+000
  4.1681170e+000  1.2196239e+001  2.7000000e+000
  4.2463530e+000  1.2093137e+001  2.7000000e+000
  4.2454560e+000  1.1990428e+001  2.7000000e+000
  4.1654500e+000  1.1888111e+001  2.7000000e+000
  4.0854630e+000  1.1785794e+001  2.7000000e+000
  4.1636720e+000  1.1682693e+001  2.7000000e+000
  4.1627830e+000  1.1579983e+001  2.7000000e+000
  4.0828230e+000  1.1477667e+001  2.7000000e+000
  4.0819430e+000  1.1374958e+001  2.7000000e+000
  4.0810640e+000  1.1272249e+001  2.7000000e+000
  4.0011390e+000  1.1169934e+001  2.7000000e+000
  4.0810640e+000  1.1272249e+001  2.7000000e+000
  4.1592280e+000  1.1169147e+001  2.7000000e+000
  4.1583390e+000  1.1066437e+001  2.7000000e+000
  4.0784240e+000  1.0964122e+001  2.7000000e+000
  3.9993980e+000  1.0964516e+001  2.7000000e+000
  4.0775440e+000  1.0861413e+001  2.7000000e+000
  3.9976560e+000  1.0759098e+001  2.7000000e+000
  4.0766640e+000  1.0758704e+001  2.7000000e+000
  3.5897620e+000  1.9080789e+001  2.7000000e+000
  3.5092160e+000  1.8978460e+001  2.7000000e+000
  3.5881280e+000  1.8875373e+001  2.7000000e+000
  3.5076000e+000  1.8773045e+001  2.7000000e+000
  3.5864950e+000  1.8669958e+001  2.7000000e+000
  3.5856780e+000  1.8567250e+001  2.7000000e+000
  3.5051770e+000  1.8464923e+001  2.7000000e+000
  3.5840450e+000  1.8361835e+001  2.7000000e+000
  3.5035620e+000  1.8259508e+001  2.7000000e+000
  3.5824110e+000  1.8156419e+001  2.7000000e+000
  3.5019460e+000  1.8054093e+001  2.7000000e+000
  3.5011380e+000  1.7951385e+001  2.7000000e+000
  3.3675800e+000  1.8414747e+001  2.8000000e+000
  3.4460850e+000  1.8317815e+001  2.8000000e+000
  3.4444670e+000  1.8218568e+001  2.8000000e+000
  3.4428500e+000  1.8119321e+001  2.8000000e+000
  3.5213040e+000  1.8022349e+001  2.8000000e+000
  3.5196740e+000  1.7923093e+001  2.8000000e+000
  3.5180430e+000  1.7823836e+001  2.8000000e+000
  3.5164130e+000  1.7724579e+001  2.8000000e+000
  3.5147830e+000  1.7625323e+001  2.8000000e+000
  3.5131530e+000  1.7526066e+001  2.8000000e+000
  3.5915160e+000  1.7429027e+001  2.8000000e+000
  3.5098930e+000  1.7327553e+001  2.8000000e+000
  3.5882300e+000  1.7230495e+001  2.8000000e+000
  3.6665420e+000  1.7133417e+001  2.8000000e+000
  3.6648860e+000  1.7034141e+001  2.8000000e+000
  3.5833010e+000  1.6932696e+001  2.8000000e+000
  3.5816580e+000  1.6833429e+001  2.8000000e+000
  3.6615750e+000  1.6835589e+001  2.8000000e+000
  3.5833010e+000  1.6932696e+001  2.8000000e+000
  3.7464970e+000  1.7135606e+001  2.8000000e+000
  3.8247700e+000  1.7038499e+001  2.8000000e+000
  3.9030180e+000  1.6941374e+001  2.8000000e+000
  3.8214070e+000  1.6839909e+001  2.8000000e+000
  3.9030180e+000  1.6941374e+001  2.8000000e+000
  3.9829470e+000  1.6943543e+001  2.8000000e+000
  4.0611560e+000  1.6846388e+001  2.8000000e+000
  3.9795320e+000  1.6744914e+001  2.8000000e+000
  4.0577150e+000  1.6647740e+001  2.8000000e+000
  4.1376060e+000  1.6649881e+001  2.8000000e+000
  4.2157500e+000  1.6552678e+001  2.8000000e+000
  4.1341400e+000  1.6451213e+001  2.8000000e+000
  4.2122580e+000  1.6353991e+001  2.8000000e+000
  4.1306730e+000  1.6252546e+001  2.8000000e+000
  4.0508340e+000  1.6250444e+001  2.8000000e+000
  4.0491140e+000  1.6151119e+001  2.8000000e+000
  3.9675800e+000  1.6049713e+001  2.8000000e+000
  3.8894620e+000  1.6146935e+001  2.8000000e+000
  3.8877670e+000  1.6047630e+001  2.8000000e+000
  3.9675800e+000  1.6049713e+001  2.8000000e+000
  4.0473940e+000  1.6051795e+001  2.8000000e+000
  4.1254740e+000  1.5954544e+001  2.8000000e+000
  4.0439530e+000  1.5853147e+001  2.8000000e+000
  3.9641660e+000  1.5851084e+001  2.8000000e+000
  3.9624580e+000  1.5751769e+001  2.8000000e+000
  4.0422330e+000  1.5753823e+001  2.8000000e+000
  4.1202740e+000  1.5656543e+001  2.8000000e+000
  4.0387920e+000  1.5555175e+001  2.8000000e+000
  3.9590430e+000  1.5553140e+001  2.8000000e+000
  4.0387920e+000  1.5555175e+001  2.8000000e+000
  4.1168080e+000  1.5457875e+001  2.8000000e+000
  4.1150750e+000  1.5358541e+001  2.8000000e+000
  4.1133420e+000  1.5259208e+001  2.8000000e+000
  4.1116090e+000  1.5159874e+001  2.8000000e+000
  4.1098750e+000  1.5060540e+001  2.8000000e+000
  4.1878140e+000  1.4963183e+001  2.8000000e+000
  4.1064090e+000  1.4861873e+001  2.8000000e+000
  4.1843220e+000  1.4764496e+001  2.8000000e+000
  4.2622090e+000  1.4667100e+001  2.8000000e+000
  4.2604500e+000  1.4567747e+001  2.8000000e+000
  4.2586910e+000  1.4468394e+001  2.8000000e+000
  4.2569320e+000  1.4369041e+001  2.8000000e+000
  4.1755920e+000  1.4267779e+001  2.8000000e+000
  4.2534140e+000  1.4170335e+001  2.8000000e+000
  4.2516550e+000  1.4070982e+001  2.8000000e+000
  4.2498960e+000  1.3971629e+001  2.8000000e+000
  4.1686070e+000  1.3870405e+001  2.8000000e+000
  4.0908110e+000  1.3967868e+001  2.8000000e+000
  4.1686070e+000  1.3870405e+001  2.8000000e+000
  4.1668610e+000  1.3771062e+001  2.8000000e+000
  4.0856110e+000  1.3669867e+001  2.8000000e+000
  4.1668610e+000  1.3771062e+001  2.8000000e+000
  4.2446200e+000  1.3673570e+001  2.8000000e+000
  4.2428610e+000  1.3574217e+001  2.8000000e+000
  4.1616230e+000  1.3473032e+001  2.8000000e+000
  4.0821450e+000  1.3471200e+001  2.8000000e+000
  4.1598770e+000  1.3373688e+001  2.8000000e+000
  4.0786780e+000  1.3272532e+001  2.8000000e+000
  3.9992260e+000  1.3270719e+001  2.8000000e+000
  4.0769450e+000  1.3173198e+001  2.8000000e+000
  4.0752120e+000  1.3073864e+001  2.8000000e+000
  3.9940650e+000  1.2972747e+001  2.8000000e+000
  4.0717460e+000  1.2875197e+001  2.8000000e+000
  3.9906240e+000  1.2774099e+001  2.8000000e+000
  3.9889040e+000  1.2674774e+001  2.8000000e+000
  3.9871840e+000  1.2575450e+001  2.8000000e+000
  4.0648130e+000  1.2477862e+001  2.8000000e+000
  4.0630800e+000  1.2378528e+001  2.8000000e+000
  4.0613470e+000  1.2279194e+001  2.8000000e+000
  4.0596140e+000  1.2179860e+001  2.8000000e+000
  4.0578810e+000  1.2080527e+001  2.8000000e+000
  4.0561470e+000  1.1981193e+001  2.8000000e+000
  3.9751420e+000  1.1880181e+001  2.8000000e+000
  3.8958690e+000  1.1878504e+001  2.8000000e+000
  3.9734220e+000  1.1780857e+001  2.8000000e+000
  3.9717010e+000  1.1681533e+001  2.8000000e+000
  3.9699810e+000  1.1582209e+001  2.8000000e+000
  3.9682610e+000  1.1482885e+001  2.8000000e+000
  3.9665400e+000  1.1383561e+001  2.8000000e+000
  3.8856250e+000  1.1282617e+001  2.8000000e+000
  3.9648200e+000  1.1284236e+001  2.8000000e+000
  4.0422820e+000  1.1186523e+001  2.8000000e+000
  4.0405490e+000  1.1087189e+001  2.8000000e+000
  3.9596590e+000  1.0986264e+001  2.8000000e+000
  3.8805030e+000  1.0984673e+001  2.8000000e+000
  3.8787950e+000  1.0885359e+001  2.8000000e+000
  3.7979570e+000  1.0784473e+001  2.8000000e+000
  3.8787950e+000  1.0885359e+001  2.8000000e+000
  3.9562190e+000  1.0787616e+001  2.8000000e+000
  3.9544990e+000  1.0688292e+001  2.8000000e+000
  3.3739970e+000  1.8811697e+001  2.8000000e+000
  3.3723930e+000  1.8712460e+001  2.8000000e+000
  3.3707880e+000  1.8613222e+001  2.8000000e+000
  3.4493190e+000  1.8516309e+001  2.8000000e+000
  3.3675800e+000  1.8414747e+001  2.8000000e+000
  3.2387770e+000  1.8622282e+001  2.9000000e+000
  3.3166930e+000  1.8525040e+001  2.9000000e+000
  3.3154960e+000  1.8426487e+001  2.9000000e+000
  3.3142990e+000  1.8327934e+001  2.9000000e+000
  3.3131020e+000  1.8229381e+001  2.9000000e+000
  3.3119050e+000  1.8130827e+001  2.9000000e+000
  3.3107080e+000  1.8032274e+001  2.9000000e+000
  3.3885850e+000  1.7934985e+001  2.9000000e+000
  3.3873830e+000  1.7836425e+001  2.9000000e+000
  3.3861800e+000  1.7737865e+001  2.9000000e+000
  3.3059190e+000  1.7638062e+001  2.9000000e+000
  3.3837750e+000  1.7540746e+001  2.9000000e+000
  3.3825730e+000  1.7442186e+001  2.9000000e+000
  3.3813700e+000  1.7343626e+001  2.9000000e+000
  3.3801680e+000  1.7245066e+001  2.9000000e+000
  3.4579960e+000  1.7147716e+001  2.9000000e+000
  3.4567880e+000  1.7049149e+001  2.9000000e+000
  3.5346010e+000  1.6951779e+001  2.9000000e+000
  3.5333870e+000  1.6853205e+001  2.9000000e+000
  3.5346010e+000  1.6951779e+001  2.9000000e+000
  3.6148400e+000  1.7051555e+001  2.9000000e+000
  3.5370280e+000  1.7148926e+001  2.9000000e+000
  3.6172780e+000  1.7248716e+001  2.9000000e+000
  3.6975390e+000  1.7348519e+001  2.9000000e+000
  3.7753510e+000  1.7251149e+001  2.9000000e+000
  3.8543880e+000  1.7252366e+001  2.9000000e+000
  3.9309440e+000  1.7056368e+001  2.9000000e+000
  3.9297030e+000  1.6957760e+001  2.9000000e+000
  3.9284620e+000  1.6859153e+001  2.9000000e+000
  4.0049850e+000  1.6663115e+001  2.9000000e+000
  4.0037390e+000  1.6564501e+001  2.9000000e+000
  4.0024930e+000  1.6465887e+001  2.9000000e+000
  4.0012470e+000  1.6367273e+001  2.9000000e+000
  4.0777320e+000  1.6171187e+001  2.9000000e+000
  4.0764800e+000  1.6072566e+001  2.9000000e+000
  4.0752290e+000  1.5973945e+001  2.9000000e+000
  3.9950170e+000  1.5874202e+001  2.9000000e+000
  3.9172970e+000  1.5971688e+001  2.9000000e+000
  3.9185370e+000  1.6070295e+001  2.9000000e+000
  3.9172970e+000  1.5971688e+001  2.9000000e+000
  3.9160560e+000  1.5873080e+001  2.9000000e+000
  3.9148160e+000  1.5774473e+001  2.9000000e+000
  3.8346250e+000  1.5674757e+001  2.9000000e+000
  3.7556760e+000  1.5673649e+001  2.9000000e+000
  3.6755020e+000  1.5573954e+001  2.9000000e+000
  3.5965570e+000  1.5572852e+001  2.9000000e+000
  3.5953390e+000  1.5474272e+001  2.9000000e+000
  3.5151860e+000  1.5374604e+001  2.9000000e+000
  3.4350450e+000  1.5274949e+001  2.9000000e+000
  3.3561170e+000  1.5273868e+001  2.9000000e+000
  3.4338370e+000  1.5176382e+001  2.9000000e+000
  3.3537120e+000  1.5076748e+001  2.9000000e+000
  3.3525090e+000  1.4978188e+001  2.9000000e+000
  3.3513070e+000  1.4879628e+001  2.9000000e+000
  3.3501040e+000  1.4781068e+001  2.9000000e+000
  3.4290050e+000  1.4782115e+001  2.9000000e+000
  3.5066930e+000  1.4684589e+001  2.9000000e+000
  3.5843690e+000  1.4587050e+001  2.9000000e+000
  3.6620350e+000  1.4489497e+001  2.9000000e+000
  3.7409190e+000  1.4490524e+001  2.9000000e+000
  3.8185680e+000  1.4392951e+001  2.9000000e+000
  3.8198030e+000  1.4491551e+001  2.9000000e+000
  3.8999290e+000  1.4591186e+001  2.9000000e+000
  3.9800650e+000  1.4690834e+001  2.9000000e+000
  4.0577080e+000  1.4593254e+001  2.9000000e+000
  4.0564570e+000  1.4494633e+001  2.9000000e+000
  4.0552050e+000  1.4396012e+001  2.9000000e+000
  4.0539540e+000  1.4297391e+001  2.9000000e+000
  4.0527020e+000  1.4198770e+001  2.9000000e+000
  4.0514510e+000  1.4100150e+001  2.9000000e+000
  4.1290570e+000  1.4002522e+001  2.9000000e+000
  4.1278000e+000  1.3903894e+001  2.9000000e+000
  4.0476960e+000  1.3804287e+001  2.9000000e+000
  4.1252860e+000  1.3706639e+001  2.9000000e+000
  4.0451930e+000  1.3607045e+001  2.9000000e+000
  3.9651120e+000  1.3507465e+001  2.9000000e+000
  3.9638660e+000  1.3408851e+001  2.9000000e+000
  3.9626200e+000  1.3310237e+001  2.9000000e+000
  3.8825600e+000  1.3210684e+001  2.9000000e+000
  3.9601280e+000  1.3113009e+001  2.9000000e+000
  3.9588820e+000  1.3014395e+001  2.9000000e+000
  3.9576360e+000  1.2915781e+001  2.9000000e+000
  3.8775980e+000  1.2816255e+001  2.9000000e+000
  3.7988060e+000  1.2815343e+001  2.9000000e+000
  3.8763570e+000  1.2717647e+001  2.9000000e+000
  3.7963350e+000  1.2618142e+001  2.9000000e+000
  3.8738760e+000  1.2520433e+001  2.9000000e+000
  3.9514060e+000  1.2422711e+001  2.9000000e+000
  3.8713950e+000  1.2323218e+001  2.9000000e+000
  3.8701540e+000  1.2224611e+001  2.9000000e+000
  3.8689140e+000  1.2126004e+001  2.9000000e+000
  3.8676730e+000  1.2027396e+001  2.9000000e+000
  3.8664320e+000  1.1928789e+001  2.9000000e+000
  3.8651920e+000  1.1830182e+001  2.9000000e+000
  3.7852190e+000  1.1730737e+001  2.9000000e+000
  3.8627100e+000  1.1632967e+001  2.9000000e+000
  3.8614700e+000  1.1534360e+001  2.9000000e+000
  3.7815140e+000  1.1434935e+001  2.9000000e+000
  3.7802780e+000  1.1336335e+001  2.9000000e+000
  3.7790430e+000  1.1237734e+001  2.9000000e+000
  3.6991080e+000  1.1138337e+001  2.9000000e+000
  3.6978790e+000  1.1039743e+001  2.9000000e+000
  3.7753380e+000  1.0941933e+001  2.9000000e+000
  3.7728670e+000  1.0744732e+001  2.9000000e+000
  3.6941900e+000  1.0743962e+001  2.9000000e+000
  3.6929600e+000  1.0645368e+001  2.9000000e+000
  3.7716320e+000  1.0646131e+001  2.9000000e+000
  3.2447360e+000  1.9115014e+001  2.9000000e+000
  3.2435440e+000  1.9016467e+001  2.9000000e+000
  3.3214810e+000  1.8919253e+001  2.9000000e+000
  3.3202840e+000  1.8820699e+001  2.9000000e+000
  3.2399690e+000  1.8720828e+001  2.9000000e+000
  3.2387770e+000  1.8622282e+001  2.9000000e+000
  3.4120090e+000  1.4509018e+001  3.0000000e+000
  3.4920360e+000  1.4412140e+001  3.0000000e+000
  3.4923820e+000  1.4313750e+001  3.0000000e+000
  3.5720220e+000  1.4315241e+001  3.0000000e+000
  3.6519680e+000  1.4218320e+001  3.0000000e+000
  3.5726750e+000  1.4118441e+001  3.0000000e+000
  3.6519680e+000  1.4218320e+001  3.0000000e+000
  3.7318740e+000  1.4121379e+001  3.0000000e+000
  3.8114730e+000  1.4122849e+001  3.0000000e+000
  3.8913180e+000  1.4025877e+001  3.0000000e+000
  3.8120040e+000  1.3925987e+001  3.0000000e+000
  3.7324450e+000  1.3924538e+001  3.0000000e+000
  3.8120040e+000  1.3925987e+001  3.0000000e+000
  3.8915630e+000  1.3927435e+001  3.0000000e+000
  3.9711220e+000  1.3928883e+001  3.0000000e+000
  3.9708970e+000  1.4027335e+001  3.0000000e+000
  3.9706720e+000  1.4125787e+001  3.0000000e+000
  3.9704470e+000  1.4224239e+001  3.0000000e+000
  3.8908270e+000  1.4222760e+001  3.0000000e+000
  3.8109420e+000  1.4319711e+001  3.0000000e+000
  3.8903370e+000  1.4419642e+001  3.0000000e+000
  3.9699970e+000  1.4421143e+001  3.0000000e+000
  4.0496580e+000  1.4422644e+001  3.0000000e+000
  4.1295020e+000  1.4325671e+001  3.0000000e+000
  4.2093070e+000  1.4228678e+001  3.0000000e+000
  4.1298710e+000  1.4128726e+001  3.0000000e+000
  4.2096350e+000  1.4031712e+001  3.0000000e+000
  4.2097990e+000  1.3933229e+001  3.0000000e+000
  4.2099630e+000  1.3834746e+001  3.0000000e+000
  4.2101280e+000  1.3736262e+001  3.0000000e+000
  4.2102920e+000  1.3637779e+001  3.0000000e+000
  4.1309780e+000  1.3537889e+001  3.0000000e+000
  4.0517050e+000  1.3438020e+001  3.0000000e+000
  3.9722470e+000  1.3436624e+001  3.0000000e+000
  3.9724720e+000  1.3338172e+001  3.0000000e+000
  3.9726970e+000  1.3239720e+001  3.0000000e+000
  3.9729220e+000  1.3141268e+001  3.0000000e+000
  4.0525240e+000  1.3044171e+001  3.0000000e+000
  3.9733720e+000  1.2944364e+001  3.0000000e+000
  3.8940160e+000  1.2943020e+001  3.0000000e+000
  3.8942610e+000  1.2844579e+001  3.0000000e+000
  3.9738220e+000  1.2747461e+001  3.0000000e+000
  3.8947520e+000  1.2647696e+001  3.0000000e+000
  3.8154560e+000  1.2646383e+001  3.0000000e+000
  3.8947520e+000  1.2647696e+001  3.0000000e+000
  3.9742720e+000  1.2550557e+001  3.0000000e+000
  3.8952420e+000  1.2450813e+001  3.0000000e+000
  3.9747220e+000  1.2353653e+001  3.0000000e+000
  3.9749470e+000  1.2255201e+001  3.0000000e+000
  3.8959780e+000  1.2155488e+001  3.0000000e+000
  3.8962230e+000  1.2057047e+001  3.0000000e+000
  3.8964690e+000  1.1958605e+001  3.0000000e+000
  3.9756220e+000  1.1959845e+001  3.0000000e+000
  4.0549810e+000  1.1862623e+001  3.0000000e+000
  3.9760720e+000  1.1762941e+001  3.0000000e+000
  3.8972040e+000  1.1663281e+001  3.0000000e+000
  3.8974500e+000  1.1564839e+001  3.0000000e+000
  3.8186420e+000  1.1465210e+001  3.0000000e+000
  3.8189080e+000  1.1366779e+001  3.0000000e+000
  3.8191730e+000  1.1268347e+001  3.0000000e+000
  3.8194390e+000  1.1169916e+001  3.0000000e+000
  3.8197040e+000  1.1071485e+001  3.0000000e+000
  3.7410190e+000  1.0971918e+001  3.0000000e+000
  3.8199700e+000  1.0973054e+001  3.0000000e+000
  3.8991660e+000  1.0875749e+001  3.0000000e+000
  3.8205010e+000  1.0776192e+001  3.0000000e+000
  3.8207670e+000  1.0677761e+001  3.0000000e+000
  3.8210320e+000  1.0579330e+001  3.0000000e+000
  3.8212980e+000  1.0480899e+001  3.0000000e+000
  4.1259970e+000  1.6196653e+001  3.0000000e+000
  4.0457670e+000  1.6293428e+001  3.0000000e+000
  4.0455630e+000  1.6391890e+001  3.0000000e+000
  4.0455630e+000  1.6391890e+001  3.0000000e+000
  3.9654970e+000  1.6390181e+001  3.0000000e+000
  4.0457670e+000  1.6293428e+001  3.0000000e+000
  4.0459720e+000  1.6194965e+001  3.0000000e+000
  4.1261810e+000  1.6098181e+001  3.0000000e+000
  4.1263660e+000  1.5999708e+001  3.0000000e+000
  4.1265500e+000  1.5901235e+001  3.0000000e+000
  4.1267350e+000  1.5802762e+001  3.0000000e+000
  4.0469960e+000  1.5702654e+001  3.0000000e+000
  3.9670720e+000  1.5701018e+001  3.0000000e+000
  4.0472000e+000  1.5604191e+001  3.0000000e+000
  3.9675220e+000  1.5504114e+001  3.0000000e+000
  3.8876390e+000  1.5502499e+001  3.0000000e+000
  3.9677470e+000  1.5405662e+001  3.0000000e+000
  3.9679720e+000  1.5307210e+001  3.0000000e+000
  3.8883750e+000  1.5207174e+001  3.0000000e+000
  3.8082870e+000  1.5304022e+001  3.0000000e+000
  3.7284450e+000  1.5302427e+001  3.0000000e+000
  3.6486020e+000  1.5300833e+001  3.0000000e+000
  3.5684330e+000  1.5397639e+001  3.0000000e+000
  3.4882240e+000  1.5494423e+001  3.0000000e+000
  3.4878770e+000  1.5592813e+001  3.0000000e+000
  3.4076070e+000  1.5689566e+001  3.0000000e+000
  3.4079740e+000  1.5591187e+001  3.0000000e+000
  3.4882240e+000  1.5494423e+001  3.0000000e+000
  3.4885700e+000  1.5396034e+001  3.0000000e+000
  3.5684330e+000  1.5397639e+001  3.0000000e+000
  3.6486020e+000  1.5300833e+001  3.0000000e+000
  3.5690860e+000  1.5200839e+001  3.0000000e+000
  3.6492140e+000  1.5104013e+001  3.0000000e+000
  3.5697380e+000  1.5004039e+001  3.0000000e+000
  3.6498260e+000  1.4907192e+001  3.0000000e+000
  3.6501320e+000  1.4808782e+001  3.0000000e+000
  3.5707170e+000  1.4708840e+001  3.0000000e+000
  3.4906500e+000  1.4805698e+001  3.0000000e+000
  3.4112750e+000  1.4705776e+001  3.0000000e+000
  3.4116420e+000  1.4607397e+001  3.0000000e+000
  3.4120090e+000  1.4509018e+001  3.0000000e+000
  3.0779340e+000  1.5943606e+001  3.1000000e+000
  3.1578470e+000  1.5944241e+001  3.1000000e+000
  3.2385890e+000  1.5842798e+001  3.1000000e+000
  3.3184830e+000  1.5843425e+001  3.1000000e+000
  3.3991710e+000  1.5741958e+001  3.1000000e+000
  3.3201060e+000  1.5639252e+001  3.1000000e+000
  3.2402480e+000  1.5638641e+001  3.1000000e+000
  3.2410780e+000  1.5536563e+001  3.1000000e+000
  3.3209180e+000  1.5537165e+001  3.1000000e+000
  3.4015510e+000  1.5435673e+001  3.1000000e+000
  3.4023440e+000  1.5333578e+001  3.1000000e+000
  3.4829230e+000  1.5232060e+001  3.1000000e+000
  3.5627080e+000  1.5232638e+001  3.1000000e+000
  3.6432320e+000  1.5131096e+001  3.1000000e+000
  3.5642220e+000  1.5028415e+001  3.1000000e+000
  3.4844730e+000  1.5027854e+001  3.1000000e+000
  3.5649790e+000  1.4926304e+001  3.1000000e+000
  3.4860240e+000  1.4823647e+001  3.1000000e+000
  3.4071040e+000  1.4721008e+001  3.1000000e+000
  3.3265980e+000  1.4822558e+001  3.1000000e+000
  3.4071040e+000  1.4721008e+001  3.1000000e+000
  3.4078980e+000  1.4618913e+001  3.1000000e+000
  3.4086910e+000  1.4516818e+001  3.1000000e+000
  3.4094840e+000  1.4414723e+001  3.1000000e+000
  3.4102780e+000  1.4312628e+001  3.1000000e+000
  3.4110710e+000  1.4210533e+001  3.1000000e+000
  3.4118640e+000  1.4108438e+001  3.1000000e+000
  3.4922250e+000  1.4006821e+001  3.1000000e+000
  3.4930000e+000  1.3904718e+001  3.1000000e+000
  3.5733060e+000  1.3803077e+001  3.1000000e+000
  3.6535760e+000  1.3701420e+001  3.1000000e+000
  3.7330890e+000  1.3701874e+001  3.1000000e+000
  3.8133040e+000  1.3600192e+001  3.1000000e+000
  3.8934830e+000  1.3498493e+001  3.1000000e+000
  3.8941670e+000  1.3396348e+001  3.1000000e+000
  3.8948520e+000  1.3294204e+001  3.1000000e+000
  3.9742920e+000  1.3294625e+001  3.1000000e+000
  4.0543800e+000  1.3192885e+001  3.1000000e+000
  3.9756240e+000  1.3090320e+001  3.1000000e+000
  3.8962200e+000  1.3089915e+001  3.1000000e+000
  3.8168170e+000  1.3089511e+001  3.1000000e+000
  3.7366920e+000  1.3191234e+001  3.1000000e+000
  3.6580090e+000  1.3088701e+001  3.1000000e+000
  3.7381340e+000  1.2986978e+001  3.1000000e+000
  3.8175190e+000  1.2987374e+001  3.1000000e+000
  3.8975890e+000  1.2885626e+001  3.1000000e+000
  3.8982730e+000  1.2783482e+001  3.1000000e+000
  3.9782890e+000  1.2681709e+001  3.1000000e+000
  3.8996420e+000  1.2579193e+001  3.1000000e+000
  3.9003260e+000  1.2477048e+001  3.1000000e+000
  3.8217340e+000  1.2374557e+001  3.1000000e+000
  3.9016950e+000  1.2272759e+001  3.1000000e+000
  3.9023790e+000  1.2170615e+001  3.1000000e+000
  3.9030640e+000  1.2068470e+001  3.1000000e+000
  3.9037480e+000  1.1966326e+001  3.1000000e+000
  3.9044320e+000  1.1864181e+001  3.1000000e+000
  3.8259490e+000  1.1761740e+001  3.1000000e+000
  3.9051170e+000  1.1762037e+001  3.1000000e+000
  3.9849500e+000  1.1660181e+001  3.1000000e+000
  3.9064850e+000  1.1557748e+001  3.1000000e+000
  3.8273540e+000  1.1557467e+001  3.1000000e+000
  3.8280570e+000  1.1455331e+001  3.1000000e+000
  3.7496640e+000  1.1352930e+001  3.1000000e+000
  3.7503850e+000  1.1250802e+001  3.1000000e+000
  3.7511060e+000  1.1148674e+001  3.1000000e+000
  3.7518260e+000  1.1046546e+001  3.1000000e+000
  3.6735250e+000  1.0944187e+001  3.1000000e+000
  3.6742640e+000  1.0842067e+001  3.1000000e+000
  3.6750030e+000  1.0739947e+001  3.1000000e+000
  3.7547090e+000  1.0638034e+001  3.1000000e+000
  3.7554300e+000  1.0535906e+001  3.1000000e+000
  3.7561500e+000  1.0433778e+001  3.1000000e+000
  3.7568710e+000  1.0331650e+001  3.1000000e+000
  3.7575920e+000  1.0229522e+001  3.1000000e+000
  3.1324110e+000  1.9006349e+001  3.1000000e+000
  3.1332590e+000  1.8904278e+001  3.1000000e+000
  3.0536850e+000  1.8801342e+001  3.1000000e+000
  3.1349540e+000  1.8700138e+001  3.1000000e+000
  3.1358020e+000  1.8598068e+001  3.1000000e+000
  3.0562830e+000  1.8495156e+001  3.1000000e+000
  3.1366500e+000  1.8495997e+001  3.1000000e+000
  3.2178460e+000  1.8394761e+001  3.1000000e+000
  3.1383460e+000  1.8291857e+001  3.1000000e+000
  3.2195060e+000  1.8190604e+001  3.1000000e+000
  3.2203360e+000  1.8088525e+001  3.1000000e+000
  3.2211650e+000  1.7986447e+001  3.1000000e+000
  3.2219950e+000  1.7884368e+001  3.1000000e+000
  3.3030640e+000  1.7783074e+001  3.1000000e+000
  3.2236540e+000  1.7680211e+001  3.1000000e+000
  3.3046870e+000  1.7578900e+001  3.1000000e+000
  3.3054990e+000  1.7476813e+001  3.1000000e+000
  3.3063100e+000  1.7374727e+001  3.1000000e+000
  3.3071220e+000  1.7272640e+001  3.1000000e+000
  3.3079330e+000  1.7170553e+001  3.1000000e+000
  3.2286320e+000  1.7067740e+001  3.1000000e+000
  3.3095560e+000  1.6966380e+001  3.1000000e+000
  3.3904440e+000  1.6865003e+001  3.1000000e+000
  3.3111790e+000  1.6762206e+001  3.1000000e+000
  3.3119910e+000  1.6660119e+001  3.1000000e+000
  3.3128030e+000  1.6558033e+001  3.1000000e+000
  3.3928240e+000  1.6558718e+001  3.1000000e+000
  3.4736210e+000  1.6457299e+001  3.1000000e+000
  3.3944110e+000  1.6354528e+001  3.1000000e+000
  3.3152370e+000  1.6251772e+001  3.1000000e+000
  3.2344400e+000  1.6353191e+001  3.1000000e+000
  3.1544550e+000  1.6352522e+001  3.1000000e+000
  3.2352700e+000  1.6251112e+001  3.1000000e+000
  3.2361000e+000  1.6149034e+001  3.1000000e+000
  3.3152370e+000  1.6251772e+001  3.1000000e+000
  3.3952040e+000  1.6252433e+001  3.1000000e+000
  3.4759460e+000  1.6150990e+001  3.1000000e+000
  3.4767210e+000  1.6048886e+001  3.1000000e+000
  3.3975840e+000  1.5946148e+001  3.1000000e+000
  3.3184830e+000  1.5843425e+001  3.1000000e+000
  3.2385890e+000  1.5842798e+001  3.1000000e+000
  3.1578470e+000  1.5944241e+001  3.1000000e+000
  3.0779340e+000  1.5943606e+001  3.1000000e+000
