  5.0034600e+000  9.0388080e+000  2.2000000e+000
  5.0047760e+000  9.2367450e+000  2.2000000e+000
  5.0835370e+000  9.2373570e+000  2.2000000e+000
  5.0054340e+000  9.3357140e+000  2.2000000e+000
  5.0848770e+000  9.4353050e+000  2.2000000e+000
  5.0855470e+000  9.5342780e+000  2.2000000e+000
  5.0074080e+000  9.6326210e+000  2.2000000e+000
  5.0080660e+000  9.7315900e+000  2.2000000e+000
  5.0087240e+000  9.8305590e+000  2.2000000e+000
  5.0093820e+000  9.9295270e+000  2.2000000e+000
  5.0100400e+000  1.0028496e+001  2.2000000e+000
  5.0106980e+000  1.0127465e+001  2.2000000e+000
  5.0113550e+000  1.0226434e+001  2.2000000e+000
  5.0909050e+000  1.0326069e+001  2.2000000e+000
  5.0915750e+000  1.0425043e+001  2.2000000e+000
  5.0922450e+000  1.0524017e+001  2.2000000e+000
  5.0929150e+000  1.0622991e+001  2.2000000e+000
  5.1725230e+000  1.0722652e+001  2.2000000e+000
  5.0942540e+000  1.0820939e+001  2.2000000e+000
  5.1738870e+000  1.0920609e+001  2.2000000e+000
  5.1745690e+000  1.1019588e+001  2.2000000e+000
  5.1752500e+000  1.1118567e+001  2.2000000e+000
  5.1759320e+000  1.1217546e+001  2.2000000e+000
  5.1766140e+000  1.1316525e+001  2.2000000e+000
  5.0982730e+000  1.1414782e+001  2.2000000e+000
  5.1779770e+000  1.1514483e+001  2.2000000e+000
  5.1786590e+000  1.1613462e+001  2.2000000e+000
  5.1002820e+000  1.1711704e+001  2.2000000e+000
  5.0218820e+000  1.1809936e+001  2.2000000e+000
  5.0225400e+000  1.1908905e+001  2.2000000e+000
  4.9441050e+000  1.2007122e+001  2.2000000e+000
  4.9447510e+000  1.2106085e+001  2.2000000e+000
  5.0245140e+000  1.2205811e+001  2.2000000e+000
  4.9453970e+000  1.2205049e+001  2.2000000e+000
  4.8669140e+000  1.2303246e+001  2.2000000e+000
  4.8675480e+000  1.2402205e+001  2.2000000e+000
  4.8681820e+000  1.2501164e+001  2.2000000e+000
  4.9479810e+000  1.2600905e+001  2.2000000e+000
  5.0264880e+000  1.2502718e+001  2.2000000e+000
  5.0271460e+000  1.2601687e+001  2.2000000e+000
  4.9479810e+000  1.2600905e+001  2.2000000e+000
  4.8688160e+000  1.2600123e+001  2.2000000e+000
  4.7902740e+000  1.2698294e+001  2.2000000e+000
  4.8700850e+000  1.2798040e+001  2.2000000e+000
  4.9499190e+000  1.2897796e+001  2.2000000e+000
  5.0291200e+000  1.2898593e+001  2.2000000e+000
  4.9505650e+000  1.2996760e+001  2.2000000e+000
  4.8719870e+000  1.3094917e+001  2.2000000e+000
  4.8726210e+000  1.3193876e+001  2.2000000e+000
  4.9525030e+000  1.3293652e+001  2.2000000e+000
  5.0310930e+000  1.3195500e+001  2.2000000e+000
  4.9525030e+000  1.3293652e+001  2.2000000e+000
  4.9531500e+000  1.3392615e+001  2.2000000e+000
  4.8745240e+000  1.3490752e+001  2.2000000e+000
  4.9531500e+000  1.3392615e+001  2.2000000e+000
  4.9525030e+000  1.3293652e+001  2.2000000e+000
  4.8726210e+000  1.3193876e+001  2.2000000e+000
  4.7933850e+000  1.3193064e+001  2.2000000e+000
  4.7147600e+000  1.3291200e+001  2.2000000e+000
  4.6361100e+000  1.3389327e+001  2.2000000e+000
  4.7159810e+000  1.3489098e+001  2.2000000e+000
  4.7165910e+000  1.3588047e+001  2.2000000e+000
  4.7964970e+000  1.3687833e+001  2.2000000e+000
  4.7165910e+000  1.3588047e+001  2.2000000e+000
  4.6379060e+000  1.3686158e+001  2.2000000e+000
  4.6385050e+000  1.3785102e+001  2.2000000e+000
  4.6391030e+000  1.3884046e+001  2.2000000e+000
  4.6397020e+000  1.3982990e+001  2.2000000e+000
  4.6403000e+000  1.4081933e+001  2.2000000e+000
  4.6408990e+000  1.4180877e+001  2.2000000e+000
  4.7208640e+000  1.4280688e+001  2.2000000e+000
  4.8008530e+000  1.4380509e+001  2.2000000e+000
  4.7220850e+000  1.4478586e+001  2.2000000e+000
  4.8020980e+000  1.4578417e+001  2.2000000e+000
  4.8821340e+000  1.4678258e+001  2.2000000e+000
  4.9621940e+000  1.4778109e+001  2.2000000e+000
  5.0409630e+000  1.4680033e+001  2.2000000e+000
  4.9621940e+000  1.4778109e+001  2.2000000e+000
  4.9628400e+000  1.4877073e+001  2.2000000e+000
  4.9634870e+000  1.4976037e+001  2.2000000e+000
  4.9641320e+000  1.5075001e+001  2.2000000e+000
  4.9647790e+000  1.5173965e+001  2.2000000e+000
  4.8859390e+000  1.5272011e+001  2.2000000e+000
  4.9660710e+000  1.5371892e+001  2.2000000e+000
  5.0455680e+000  1.5372815e+001  2.2000000e+000
  5.0462260e+000  1.5471784e+001  2.2000000e+000
  5.0468840e+000  1.5570752e+001  2.2000000e+000
  4.9680090e+000  1.5668784e+001  2.2000000e+000
  4.9686550e+000  1.5767748e+001  2.2000000e+000
  4.8897440e+000  1.5865764e+001  2.2000000e+000
  4.8903780e+000  1.5964723e+001  2.2000000e+000
  4.8910130e+000  1.6063682e+001  2.2000000e+000
  4.8120550e+000  1.6161678e+001  2.2000000e+000
  4.7324620e+000  1.6160715e+001  2.2000000e+000
  4.6534680e+000  1.6258696e+001  2.2000000e+000
  4.5738640e+000  1.6257729e+001  2.2000000e+000
  4.4948350e+000  1.6355695e+001  2.2000000e+000
  4.4157820e+000  1.6453651e+001  2.2000000e+000
  4.4959840e+000  1.6553562e+001  2.2000000e+000
  4.5762110e+000  1.6653484e+001  2.2000000e+000
  4.6564610e+000  1.6753415e+001  2.2000000e+000
  4.6570600e+000  1.6852359e+001  2.2000000e+000
  4.7373460e+000  1.6952306e+001  2.2000000e+000
  4.8170330e+000  1.6953308e+001  2.2000000e+000
  4.7379560e+000  1.7051254e+001  2.2000000e+000
  4.6582570e+000  1.7050247e+001  2.2000000e+000
  4.5779710e+000  1.6950300e+001  2.2000000e+000
  4.6570600e+000  1.6852359e+001  2.2000000e+000
  4.6564610e+000  1.6753415e+001  2.2000000e+000
  4.5762110e+000  1.6653484e+001  2.2000000e+000
  4.4959840e+000  1.6553562e+001  2.2000000e+000
  4.4163450e+000  1.6552580e+001  2.2000000e+000
  4.4174700e+000  1.6750437e+001  2.2000000e+000
  4.3394600e+000  1.7046216e+001  2.2000000e+000
  4.4191590e+000  1.7047223e+001  2.2000000e+000
  4.3400110e+000  1.7145139e+001  2.2000000e+000
  4.3405620e+000  1.7244063e+001  2.2000000e+000
  4.2608390e+000  1.7243045e+001  2.2000000e+000
  4.1816430e+000  1.7340941e+001  2.2000000e+000
  4.2619170e+000  1.7440883e+001  2.2000000e+000
  4.2624560e+000  1.7539801e+001  2.2000000e+000
  4.1832250e+000  1.7637682e+001  2.2000000e+000
  4.2635350e+000  1.7737639e+001  2.2000000e+000
  4.3438680e+000  1.7837605e+001  2.2000000e+000
  4.2640740e+000  1.7836557e+001  2.2000000e+000
  4.1848070e+000  1.7934423e+001  2.2000000e+000
  4.2651520e+000  1.8034395e+001  2.2000000e+000
  4.3449700e+000  1.8035453e+001  2.2000000e+000
  4.4253510e+000  1.8135439e+001  2.2000000e+000
  4.5051810e+000  1.8136502e+001  2.2000000e+000
  4.4253510e+000  1.8135439e+001  2.2000000e+000
  4.3460720e+000  1.8233300e+001  2.2000000e+000
  4.4264770e+000  1.8333297e+001  2.2000000e+000
  4.4270400e+000  1.8432225e+001  2.2000000e+000
  4.5074800e+000  1.8532237e+001  2.2000000e+000
  4.1653360e+000  1.6501894e+001  2.3000000e+000
  4.7750020e+000  9.1291030e+000  2.3000000e+000
  4.7764610e+000  9.2288680e+000  2.3000000e+000
  4.7779190e+000  9.3286340e+000  2.3000000e+000
  4.7793780e+000  9.4283990e+000  2.3000000e+000
  4.8597930e+000  9.5291930e+000  2.3000000e+000
  4.7822950e+000  9.6279300e+000  2.3000000e+000
  4.7837530e+000  9.7276950e+000  2.3000000e+000
  4.7852120e+000  9.8274610e+000  2.3000000e+000
  4.7866700e+000  9.9272260e+000  2.3000000e+000
  4.7881290e+000  1.0026992e+001  2.3000000e+000
  4.7895870e+000  1.0126757e+001  2.3000000e+000
  4.7910460e+000  1.0226522e+001  2.3000000e+000
  4.7925050e+000  1.0326288e+001  2.3000000e+000
  4.7939630e+000  1.0426053e+001  2.3000000e+000
  4.7954220e+000  1.0525819e+001  2.3000000e+000
  4.7968800e+000  1.0625584e+001  2.3000000e+000
  4.8774280e+000  1.0726390e+001  2.3000000e+000
  4.8788980e+000  1.0826156e+001  2.3000000e+000
  4.8803680e+000  1.0925922e+001  2.3000000e+000
  4.8818370e+000  1.1025689e+001  2.3000000e+000
  4.9624410e+000  1.1126499e+001  2.3000000e+000
  4.8847770e+000  1.1225221e+001  2.3000000e+000
  4.9654030e+000  1.1326033e+001  2.3000000e+000
  4.8877160e+000  1.1424754e+001  2.3000000e+000
  4.9683640e+000  1.1525568e+001  2.3000000e+000
  4.8891860e+000  1.1524520e+001  2.3000000e+000
  4.8114650e+000  1.1623238e+001  2.3000000e+000
  4.8921250e+000  1.1724053e+001  2.3000000e+000
  4.8935940e+000  1.1823819e+001  2.3000000e+000
  4.8143830e+000  1.1822769e+001  2.3000000e+000
  4.7366180e+000  1.1921483e+001  2.3000000e+000
  4.7380660e+000  1.2021248e+001  2.3000000e+000
  4.8187580e+000  1.2122065e+001  2.3000000e+000
  4.7395130e+000  1.2121012e+001  2.3000000e+000
  4.6617040e+000  1.2219723e+001  2.3000000e+000
  4.6631410e+000  1.2319486e+001  2.3000000e+000
  4.5852990e+000  1.2418194e+001  2.3000000e+000
  4.6660130e+000  1.2519013e+001  2.3000000e+000
  4.5881490e+000  1.2617719e+001  2.3000000e+000
  4.6688860e+000  1.2718540e+001  2.3000000e+000
  4.7496450e+000  1.2819364e+001  2.3000000e+000
  4.6717590e+000  1.2918067e+001  2.3000000e+000
  4.6731950e+000  1.3017831e+001  2.3000000e+000
  4.7539880e+000  1.3118657e+001  2.3000000e+000
  4.7554350e+000  1.3218421e+001  2.3000000e+000
  4.6746320e+000  1.3117594e+001  2.3000000e+000
  4.5967010e+000  1.3216295e+001  2.3000000e+000
  4.5187480e+000  1.3314993e+001  2.3000000e+000
  4.4407730e+000  1.3413689e+001  2.3000000e+000
  4.4421760e+000  1.3513450e+001  2.3000000e+000
  4.4435790e+000  1.3613210e+001  2.3000000e+000
  4.4449820e+000  1.3712971e+001  2.3000000e+000
  4.4463850e+000  1.3812732e+001  2.3000000e+000
  4.4477880e+000  1.3912493e+001  2.3000000e+000
  4.4491910e+000  1.4012253e+001  2.3000000e+000
  4.4505940e+000  1.4112014e+001  2.3000000e+000
  4.4534000e+000  1.4311536e+001  2.3000000e+000
  4.4548040e+000  1.4411296e+001  2.3000000e+000
  4.5357180e+000  1.4512133e+001  2.3000000e+000
  4.6138040e+000  1.4413446e+001  2.3000000e+000
  4.6152290e+000  1.4513208e+001  2.3000000e+000
  4.5371320e+000  1.4611894e+001  2.3000000e+000
  4.6180800e+000  1.4712734e+001  2.3000000e+000
  4.6990490e+000  1.4813575e+001  2.3000000e+000
  4.7771460e+000  1.4714889e+001  2.3000000e+000
  4.6990490e+000  1.4813575e+001  2.3000000e+000
  4.7004860e+000  1.4913338e+001  2.3000000e+000
  4.7814890e+000  1.5014182e+001  2.3000000e+000
  4.7033590e+000  1.5112865e+001  2.3000000e+000
  4.7843840e+000  1.5213711e+001  2.3000000e+000
  4.8639730e+000  1.5214793e+001  2.3000000e+000
  4.8654310e+000  1.5314559e+001  2.3000000e+000
  4.7872790e+000  1.5413240e+001  2.3000000e+000
  4.7887260e+000  1.5513005e+001  2.3000000e+000
  4.7105400e+000  1.5611683e+001  2.3000000e+000
  4.7916210e+000  1.5712534e+001  2.3000000e+000
  4.8712650e+000  1.5713620e+001  2.3000000e+000
  4.7930680e+000  1.5812298e+001  2.3000000e+000
  4.7148490e+000  1.5910974e+001  2.3000000e+000
  4.6366080e+000  1.6009648e+001  2.3000000e+000
  4.7177220e+000  1.6110501e+001  2.3000000e+000
  4.6394590e+000  1.6209173e+001  2.3000000e+000
  4.7205950e+000  1.6310028e+001  2.3000000e+000
  4.7220310e+000  1.6409792e+001  2.3000000e+000
  4.6437340e+000  1.6508461e+001  2.3000000e+000
  4.6451600e+000  1.6608223e+001  2.3000000e+000
  4.7263400e+000  1.6709082e+001  2.3000000e+000
  4.7277760e+000  1.6808846e+001  2.3000000e+000
  4.7263400e+000  1.6709082e+001  2.3000000e+000
  4.6451600e+000  1.6608223e+001  2.3000000e+000
  4.5668300e+000  1.6706890e+001  2.3000000e+000
  4.4870740e+000  1.6705793e+001  2.3000000e+000
  4.4087110e+000  1.6804457e+001  2.3000000e+000
  4.4898810e+000  1.6905315e+001  2.3000000e+000
  4.4912840e+000  1.7005076e+001  2.3000000e+000
  4.4926870e+000  1.7104836e+001  2.3000000e+000
  4.5739000e+000  1.7205698e+001  2.3000000e+000
  4.5753150e+000  1.7305460e+001  2.3000000e+000
  4.5767290e+000  1.7405221e+001  2.3000000e+000
  4.5753150e+000  1.7305460e+001  2.3000000e+000
  4.4940900e+000  1.7204597e+001  2.3000000e+000
  4.4156710e+000  1.7303256e+001  2.3000000e+000
  4.4940900e+000  1.7204597e+001  2.3000000e+000
  4.4926870e+000  1.7104836e+001  2.3000000e+000
  4.4912840e+000  1.7005076e+001  2.3000000e+000
  4.4898810e+000  1.6905315e+001  2.3000000e+000
  4.4087110e+000  1.6804457e+001  2.3000000e+000
  4.4870740e+000  1.6705793e+001  2.3000000e+000
  4.4856710e+000  1.6606033e+001  2.3000000e+000
  4.4842680e+000  1.6506272e+001  2.3000000e+000
  4.5625870e+000  1.6407605e+001  2.3000000e+000
  4.5611730e+000  1.6307843e+001  2.3000000e+000
  4.4800590e+000  1.6206990e+001  2.3000000e+000
  4.4017510e+000  1.6305658e+001  2.3000000e+000
  4.3220400e+000  1.6304565e+001  2.3000000e+000
  4.2436990e+000  1.6403231e+001  2.3000000e+000
  4.3248020e+000  1.6504083e+001  2.3000000e+000
  4.2436990e+000  1.6403231e+001  2.3000000e+000
  4.1653360e+000  1.6501894e+001  2.3000000e+000
  4.1666950e+000  1.6601651e+001  2.3000000e+000
  4.1680540e+000  1.6701408e+001  2.3000000e+000
  4.1694120e+000  1.6801165e+001  2.3000000e+000
  4.1721300e+000  1.7000679e+001  2.3000000e+000
  4.1748470e+000  1.7200193e+001  2.3000000e+000
  4.1762060e+000  1.7299950e+001  2.3000000e+000
  4.0977320e+000  1.7398604e+001  2.3000000e+000
  4.1789230e+000  1.7499464e+001  2.3000000e+000
  4.0977320e+000  1.7398604e+001  2.3000000e+000
  4.0192350e+000  1.7497257e+001  2.3000000e+000
  4.0205720e+000  1.7597012e+001  2.3000000e+000
  4.1017750e+000  1.7697872e+001  2.3000000e+000
  4.0219090e+000  1.7696767e+001  2.3000000e+000
  3.9433680e+000  1.7795415e+001  2.3000000e+000
  4.0245820e+000  1.7896277e+001  2.3000000e+000
  3.9460190e+000  1.7994924e+001  2.3000000e+000
  3.9473440e+000  1.8094678e+001  2.3000000e+000
  4.0285910e+000  1.8195542e+001  2.3000000e+000
  4.1071650e+000  1.8096897e+001  2.3000000e+000
  4.0285910e+000  1.8195542e+001  2.3000000e+000
  4.1098600e+000  1.8296409e+001  2.3000000e+000
  4.1112080e+000  1.8396165e+001  2.3000000e+000
  4.1925110e+000  1.8497034e+001  2.3000000e+000
  4.1938690e+000  1.8596791e+001  2.3000000e+000
  4.2752050e+000  1.8697663e+001  2.3000000e+000
  4.2765750e+000  1.8797421e+001  2.3000000e+000
  4.2765750e+000  1.8797421e+001  2.3000000e+000
  4.1355300e+000  1.6809565e+001  2.4000000e+000
  4.1357480e+000  1.6706945e+001  2.4000000e+000
  4.9381940e+000  9.2150390e+000  2.4000000e+000
  4.9380830e+000  9.3176550e+000  2.4000000e+000
  4.9379720e+000  9.4202720e+000  2.4000000e+000
  4.9378620e+000  9.5228880e+000  2.4000000e+000
  4.9377510e+000  9.6255040e+000  2.4000000e+000
  4.9376400e+000  9.7281210e+000  2.4000000e+000
  4.9375290e+000  9.8307370e+000  2.4000000e+000
  4.8586870e+000  9.9334200e+000  2.4000000e+000
  4.9373070e+000  1.0035969e+001  2.4000000e+000
  4.9371960e+000  1.0138586e+001  2.4000000e+000
  4.9370850e+000  1.0241202e+001  2.4000000e+000
  4.9369740e+000  1.0343818e+001  2.4000000e+000
  4.9368630e+000  1.0446435e+001  2.4000000e+000
  5.0155470e+000  1.0548982e+001  2.4000000e+000
  4.9366420e+000  1.0651667e+001  2.4000000e+000
  4.9365300e+000  1.0754284e+001  2.4000000e+000
  4.9364200e+000  1.0856900e+001  2.4000000e+000
  5.0151460e+000  1.0959446e+001  2.4000000e+000
  5.0150460e+000  1.1062062e+001  2.4000000e+000
  5.0149450e+000  1.1164678e+001  2.4000000e+000
  5.0148450e+000  1.1267294e+001  2.4000000e+000
  5.0147450e+000  1.1369910e+001  2.4000000e+000
  5.0935350e+000  1.1472453e+001  2.4000000e+000
  5.0145450e+000  1.1575142e+001  2.4000000e+000
  5.0933560e+000  1.1677685e+001  2.4000000e+000
  5.0143440e+000  1.1780373e+001  2.4000000e+000
  5.0142440e+000  1.1882989e+001  2.4000000e+000
  5.0930880e+000  1.1985531e+001  2.4000000e+000
  5.0140430e+000  1.2088221e+001  2.4000000e+000
  5.0139430e+000  1.2190837e+001  2.4000000e+000
  4.9348670e+000  1.2293528e+001  2.4000000e+000
  4.9347560e+000  1.2396145e+001  2.4000000e+000
  4.9346450e+000  1.2498761e+001  2.4000000e+000
  4.9347560e+000  1.2396145e+001  2.4000000e+000
  4.9348670e+000  1.2293528e+001  2.4000000e+000
  4.8560120e+000  1.2190987e+001  2.4000000e+000
  4.7769150e+000  1.2293679e+001  2.4000000e+000
  4.6977960e+000  1.2396371e+001  2.4000000e+000
  4.7766500e+000  1.2498913e+001  2.4000000e+000
  4.6975100e+000  1.2601606e+001  2.4000000e+000
  4.6973670e+000  1.2704224e+001  2.4000000e+000
  4.7762540e+000  1.2806764e+001  2.4000000e+000
  4.8552830e+000  1.2806687e+001  2.4000000e+000
  4.8551610e+000  1.2909304e+001  2.4000000e+000
  4.9340900e+000  1.3011842e+001  2.4000000e+000
  4.8551610e+000  1.2909304e+001  2.4000000e+000
  4.7759890e+000  1.3011998e+001  2.4000000e+000
  4.7758570e+000  1.3114615e+001  2.4000000e+000
  4.7757240e+000  1.3217232e+001  2.4000000e+000
  4.8546750e+000  1.3319770e+001  2.4000000e+000
  4.9338690e+000  1.3217075e+001  2.4000000e+000
  4.8546750e+000  1.3319770e+001  2.4000000e+000
  4.7757240e+000  1.3217232e+001  2.4000000e+000
  4.6965090e+000  1.3319928e+001  2.4000000e+000
  4.6963660e+000  1.3422546e+001  2.4000000e+000
  4.6962240e+000  1.3525163e+001  2.4000000e+000
  4.6960810e+000  1.3627781e+001  2.4000000e+000
  4.6168120e+000  1.3730479e+001  2.4000000e+000
  4.5375230e+000  1.3833178e+001  2.4000000e+000
  4.5373580e+000  1.3935796e+001  2.4000000e+000
  4.4580370e+000  1.4038496e+001  2.4000000e+000
  4.4578620e+000  1.4141114e+001  2.4000000e+000
  4.5368650e+000  1.4243650e+001  2.4000000e+000
  4.5367010e+000  1.4346269e+001  2.4000000e+000
  4.5365370e+000  1.4448887e+001  2.4000000e+000
  4.6155830e+000  1.4551421e+001  2.4000000e+000
  4.6946510e+000  1.4653955e+001  2.4000000e+000
  4.6945080e+000  1.4756573e+001  2.4000000e+000
  4.7736080e+000  1.4859105e+001  2.4000000e+000
  4.8528510e+000  1.4859021e+001  2.4000000e+000
  4.8527290e+000  1.4961637e+001  2.4000000e+000
  4.7733440e+000  1.5064340e+001  2.4000000e+000
  4.7732110e+000  1.5166957e+001  2.4000000e+000
  4.8523650e+000  1.5269487e+001  2.4000000e+000
  4.9316500e+000  1.5269401e+001  2.4000000e+000
  4.9315390e+000  1.5372018e+001  2.4000000e+000
  4.9314280e+000  1.5474634e+001  2.4000000e+000
  5.0106350e+000  1.5577163e+001  2.4000000e+000
  4.9312070e+000  1.5679867e+001  2.4000000e+000
  4.9310960e+000  1.5782483e+001  2.4000000e+000
  4.8516350e+000  1.5885188e+001  2.4000000e+000
  4.9308740e+000  1.5987715e+001  2.4000000e+000
  4.8515140e+000  1.5987804e+001  2.4000000e+000
  4.7720210e+000  1.6090510e+001  2.4000000e+000
  4.8512700e+000  1.6193038e+001  2.4000000e+000
  4.7717570e+000  1.6295744e+001  2.4000000e+000
  4.7716240e+000  1.6398361e+001  2.4000000e+000
  4.6920780e+000  1.6501069e+001  2.4000000e+000
  4.6125110e+000  1.6603778e+001  2.4000000e+000
  4.6917930e+000  1.6706304e+001  2.4000000e+000
  4.6122040e+000  1.6809013e+001  2.4000000e+000
  4.6915070e+000  1.6911539e+001  2.4000000e+000
  4.7709630e+000  1.6911447e+001  2.4000000e+000
  4.6915070e+000  1.6911539e+001  2.4000000e+000
  4.6122040e+000  1.6809013e+001  2.4000000e+000
  4.5327580e+000  1.6809105e+001  2.4000000e+000
  4.6122040e+000  1.6809013e+001  2.4000000e+000
  4.6917930e+000  1.6706304e+001  2.4000000e+000
  4.6125110e+000  1.6603778e+001  2.4000000e+000
  4.6126650e+000  1.6501160e+001  2.4000000e+000
  4.5334150e+000  1.6398633e+001  2.4000000e+000
  4.5335800e+000  1.6296014e+001  2.4000000e+000
  4.5337440e+000  1.6193396e+001  2.4000000e+000
  4.5339080e+000  1.6090778e+001  2.4000000e+000
  4.4547120e+000  1.5988249e+001  2.4000000e+000
  4.3751660e+000  1.6090956e+001  2.4000000e+000
  4.2955990e+000  1.6193665e+001  2.4000000e+000
  4.2954030e+000  1.6296284e+001  2.4000000e+000
  4.3746100e+000  1.6398813e+001  2.4000000e+000
  4.2950100e+000  1.6501523e+001  2.4000000e+000
  4.3742380e+000  1.6604051e+001  2.4000000e+000
  4.2946180e+000  1.6706762e+001  2.4000000e+000
  4.2944220e+000  1.6809381e+001  2.4000000e+000
  4.2942250e+000  1.6912000e+001  2.4000000e+000
  4.2145620e+000  1.7014712e+001  2.4000000e+000
  4.2938320e+000  1.7117239e+001  2.4000000e+000
  4.2936360e+000  1.7219858e+001  2.4000000e+000
  4.2938320e+000  1.7117239e+001  2.4000000e+000
  4.2145620e+000  1.7014712e+001  2.4000000e+000
  4.1350950e+000  1.7014805e+001  2.4000000e+000
  4.1346600e+000  1.7220045e+001  2.4000000e+000
  4.1344420e+000  1.7322665e+001  2.4000000e+000
  4.1342240e+000  1.7425285e+001  2.4000000e+000
  4.2135270e+000  1.7527811e+001  2.4000000e+000
  4.1337890e+000  1.7630526e+001  2.4000000e+000
  4.1335710e+000  1.7733146e+001  2.4000000e+000
  4.1333540e+000  1.7835766e+001  2.4000000e+000
  4.0535730e+000  1.7938482e+001  2.4000000e+000
  4.0533450e+000  1.8041102e+001  2.4000000e+000
  4.1327010e+000  1.8143626e+001  2.4000000e+000
  4.0528880e+000  1.8246343e+001  2.4000000e+000
  4.1322650e+000  1.8348866e+001  2.4000000e+000
  4.0524310e+000  1.8451584e+001  2.4000000e+000
  4.0522030e+000  1.8554205e+001  2.4000000e+000
  4.1316130e+000  1.8656726e+001  2.4000000e+000
  4.2114570e+000  1.8554008e+001  2.4000000e+000
  4.2910840e+000  1.8553910e+001  2.4000000e+000
  4.2908880e+000  1.8656529e+001  2.4000000e+000
  4.2110430e+000  1.8759247e+001  2.4000000e+000
  4.2108360e+000  1.8861867e+001  2.4000000e+000
  4.2902990e+000  1.8964387e+001  2.4000000e+000
  4.8271670e+000  9.0865880e+000  2.5000000e+000
  4.8263130e+000  9.1869660e+000  2.5000000e+000
  4.9043870e+000  9.2873880e+000  2.5000000e+000
  4.8246040e+000  9.3877220e+000  2.5000000e+000
  4.8237500e+000  9.4881000e+000  2.5000000e+000
  4.8228960e+000  9.5884790e+000  2.5000000e+000
  4.8220420e+000  9.6888570e+000  2.5000000e+000
  4.8211880e+000  9.7892350e+000  2.5000000e+000
  4.8203330e+000  9.8896130e+000  2.5000000e+000
  4.8194790e+000  9.9899910e+000  2.5000000e+000
  4.8186250e+000  1.0090369e+001  2.5000000e+000
  4.8177710e+000  1.0190747e+001  2.5000000e+000
  4.8169170e+000  1.0291125e+001  2.5000000e+000
  4.8951150e+000  1.0391646e+001  2.5000000e+000
  4.8152080e+000  1.0491882e+001  2.5000000e+000
  4.8934290e+000  1.0592420e+001  2.5000000e+000
  4.8925870e+000  1.0692807e+001  2.5000000e+000
  4.8917440e+000  1.0793194e+001  2.5000000e+000
  4.9700100e+000  1.0893769e+001  2.5000000e+000
  4.9691790e+000  1.0994165e+001  2.5000000e+000
  4.9683470e+000  1.1094562e+001  2.5000000e+000
  4.9675160e+000  1.1194958e+001  2.5000000e+000
  4.9666840e+000  1.1295354e+001  2.5000000e+000
  4.9658520e+000  1.1395750e+001  2.5000000e+000
  4.9650210e+000  1.1496146e+001  2.5000000e+000
  4.9641890e+000  1.1596542e+001  2.5000000e+000
  4.9633580e+000  1.1696938e+001  2.5000000e+000
  4.8833150e+000  1.1797066e+001  2.5000000e+000
  4.8032500e+000  1.1897175e+001  2.5000000e+000
  4.7231610e+000  1.1997266e+001  2.5000000e+000
  4.7222960e+000  1.2097635e+001  2.5000000e+000
  4.6430510e+000  1.2097339e+001  2.5000000e+000
  4.5629170e+000  1.2197395e+001  2.5000000e+000
  4.6412970e+000  1.2298060e+001  2.5000000e+000
  4.5611410e+000  1.2398097e+001  2.5000000e+000
  4.6395430e+000  1.2498780e+001  2.5000000e+000
  4.7179680e+000  1.2599481e+001  2.5000000e+000
  4.7171030e+000  1.2699850e+001  2.5000000e+000
  4.6369130e+000  1.2799860e+001  2.5000000e+000
  4.6360360e+000  1.2900220e+001  2.5000000e+000
  4.7145060e+000  1.3000957e+001  2.5000000e+000
  4.7136410e+000  1.3101326e+001  2.5000000e+000
  4.6334060e+000  1.3201300e+001  2.5000000e+000
  4.6325290e+000  1.3301660e+001  2.5000000e+000
  4.5531470e+000  1.3301256e+001  2.5000000e+000
  4.4728670e+000  1.3401194e+001  2.5000000e+000
  4.4719670e+000  1.3501536e+001  2.5000000e+000
  4.4710680e+000  1.3601878e+001  2.5000000e+000
  4.3907420e+000  1.3701780e+001  2.5000000e+000
  4.4692690e+000  1.3802562e+001  2.5000000e+000
  4.3889200e+000  1.3902446e+001  2.5000000e+000
  4.3880090e+000  1.4002779e+001  2.5000000e+000
  4.4665700e+000  1.4103588e+001  2.5000000e+000
  4.5451540e+000  1.4204416e+001  2.5000000e+000
  4.6246370e+000  1.4204901e+001  2.5000000e+000
  4.5442660e+000  1.4304767e+001  2.5000000e+000
  4.6228830e+000  1.4405621e+001  2.5000000e+000
  4.7015240e+000  1.4506493e+001  2.5000000e+000
  4.7801870e+000  1.4607384e+001  2.5000000e+000
  4.8605580e+000  1.4507518e+001  2.5000000e+000
  4.8614010e+000  1.4407131e+001  2.5000000e+000
  4.8605580e+000  1.4507518e+001  2.5000000e+000
  4.7801870e+000  1.4607384e+001  2.5000000e+000
  4.8588720e+000  1.4708292e+001  2.5000000e+000
  4.8580290e+000  1.4808679e+001  2.5000000e+000
  4.8571860e+000  1.4909067e+001  2.5000000e+000
  4.7767700e+000  1.5008896e+001  2.5000000e+000
  4.8555010e+000  1.5109841e+001  2.5000000e+000
  4.9350860e+000  1.5110407e+001  2.5000000e+000
  4.9342540e+000  1.5210803e+001  2.5000000e+000
  4.9334230e+000  1.5311199e+001  2.5000000e+000
  4.8529720e+000  1.5411002e+001  2.5000000e+000
  4.8521290e+000  1.5511389e+001  2.5000000e+000
  4.8512860e+000  1.5611776e+001  2.5000000e+000
  4.7707910e+000  1.5711543e+001  2.5000000e+000
  4.8496010e+000  1.5812551e+001  2.5000000e+000
  4.7699360e+000  1.5811921e+001  2.5000000e+000
  4.6894060e+000  1.5911661e+001  2.5000000e+000
  4.7682280e+000  1.6012677e+001  2.5000000e+000
  4.6876750e+000  1.6112399e+001  2.5000000e+000
  4.6868100e+000  1.6212768e+001  2.5000000e+000
  4.6062230e+000  1.6312462e+001  2.5000000e+000
  4.6053460e+000  1.6412822e+001  2.5000000e+000
  4.6044700e+000  1.6513182e+001  2.5000000e+000
  4.5238380e+000  1.6612841e+001  2.5000000e+000
  4.6027160e+000  1.6713903e+001  2.5000000e+000
  4.5238380e+000  1.6612841e+001  2.5000000e+000
  4.4431830e+000  1.6712481e+001  2.5000000e+000
  4.4422840e+000  1.6812823e+001  2.5000000e+000
  4.5211730e+000  1.6913894e+001  2.5000000e+000
  4.6000850e+000  1.7014983e+001  2.5000000e+000
  4.5211730e+000  1.6913894e+001  2.5000000e+000
  4.4413840e+000  1.6913165e+001  2.5000000e+000
  4.4422840e+000  1.6812823e+001  2.5000000e+000
  4.3634170e+000  1.6711770e+001  2.5000000e+000
  4.2845730e+000  1.6610736e+001  2.5000000e+000
  4.2038840e+000  1.6710349e+001  2.5000000e+000
  4.2029510e+000  1.6810664e+001  2.5000000e+000
  4.2818060e+000  1.6911708e+001  2.5000000e+000
  4.2010840e+000  1.7011294e+001  2.5000000e+000
  4.2001500e+000  1.7111609e+001  2.5000000e+000
  4.1992170e+000  1.7211924e+001  2.5000000e+000
  4.1193940e+000  1.7211168e+001  2.5000000e+000
  4.0386150e+000  1.7310709e+001  2.5000000e+000
  4.1175040e+000  1.7411780e+001  2.5000000e+000
  4.1973500e+000  1.7412554e+001  2.5000000e+000
  4.1165590e+000  1.7512086e+001  2.5000000e+000
  4.1156140e+000  1.7612392e+001  2.5000000e+000
  4.1146700e+000  1.7712698e+001  2.5000000e+000
  4.1137250e+000  1.7813004e+001  2.5000000e+000
  4.0328780e+000  1.7912491e+001  2.5000000e+000
  4.1118350e+000  1.8013616e+001  2.5000000e+000
  4.1917490e+000  1.8014444e+001  2.5000000e+000
  4.2707400e+000  1.8115595e+001  2.5000000e+000
  4.1898820e+000  1.8215073e+001  2.5000000e+000
  4.2688960e+000  1.8316243e+001  2.5000000e+000
  4.1898820e+000  1.8215073e+001  2.5000000e+000
  4.1090010e+000  1.8314533e+001  2.5000000e+000
  4.0280970e+000  1.8413975e+001  2.5000000e+000
  4.1071110e+000  1.8515145e+001  2.5000000e+000
  4.1861480e+000  1.8616333e+001  2.5000000e+000
  4.1852140e+000  1.8716648e+001  2.5000000e+000
  4.1842810e+000  1.8816963e+001  2.5000000e+000
  4.9533760e+000  9.5670520e+000  2.6000000e+000
  4.9544320e+000  9.6661400e+000  2.6000000e+000
  4.8774710e+000  9.7638380e+000  2.6000000e+000
  4.9565440e+000  9.8643160e+000  2.6000000e+000
  4.9576000e+000  9.9634040e+000  2.6000000e+000
  4.9586560e+000  1.0062492e+001  2.6000000e+000
  4.9597120e+000  1.0161580e+001  2.6000000e+000
  5.0388390e+000  1.0262074e+001  2.6000000e+000
  5.0399060e+000  1.0361165e+001  2.6000000e+000
  5.0409730e+000  1.0460256e+001  2.6000000e+000
  5.0420390e+000  1.0559348e+001  2.6000000e+000
  4.9649910e+000  1.0657020e+001  2.6000000e+000
  4.9660470e+000  1.0756108e+001  2.6000000e+000
  5.0452400e+000  1.0856621e+001  2.6000000e+000
  5.0463070e+000  1.0955712e+001  2.6000000e+000
  5.1255320e+000  1.1056235e+001  2.6000000e+000
  5.1266100e+000  1.1155329e+001  2.6000000e+000
  5.0495070e+000  1.1252986e+001  2.6000000e+000
  5.1287650e+000  1.1353518e+001  2.6000000e+000
  5.1298420e+000  1.1452612e+001  2.6000000e+000
  5.1309200e+000  1.1551706e+001  2.6000000e+000
  5.1319980e+000  1.1650801e+001  2.6000000e+000
  5.0548410e+000  1.1748442e+001  2.6000000e+000
  5.0559080e+000  1.1847533e+001  2.6000000e+000
  5.0569740e+000  1.1946624e+001  2.6000000e+000
  4.9797740e+000  1.2044252e+001  2.6000000e+000
  4.9025520e+000  1.2141874e+001  2.6000000e+000
  4.9818860e+000  1.2242428e+001  2.6000000e+000
  4.9046420e+000  1.2340044e+001  2.6000000e+000
  4.8273760e+000  1.2437653e+001  2.6000000e+000
  4.8284100e+000  1.2536735e+001  2.6000000e+000
  4.9077770e+000  1.2637299e+001  2.6000000e+000
  4.8304790e+000  1.2734899e+001  2.6000000e+000
  4.8315130e+000  1.2833980e+001  2.6000000e+000
  4.9109120e+000  1.2934553e+001  2.6000000e+000
  4.9119570e+000  1.3033638e+001  2.6000000e+000
  4.8346150e+000  1.3131225e+001  2.6000000e+000
  4.9140470e+000  1.3231808e+001  2.6000000e+000
  4.8356500e+000  1.3230307e+001  2.6000000e+000
  4.7582750e+000  1.3327885e+001  2.6000000e+000
  4.7592990e+000  1.3426963e+001  2.6000000e+000
  4.8387520e+000  1.3527552e+001  2.6000000e+000
  4.8397860e+000  1.3626634e+001  2.6000000e+000
  4.7623690e+000  1.3724199e+001  2.6000000e+000
  4.8418550e+000  1.3824797e+001  2.6000000e+000
  4.8428890e+000  1.3923879e+001  2.6000000e+000
  4.9224080e+000  1.4024486e+001  2.6000000e+000
  4.9234530e+000  1.4123571e+001  2.6000000e+000
  5.0030040e+000  1.4224189e+001  2.6000000e+000
  5.0825770e+000  1.4324812e+001  2.6000000e+000
  5.0051160e+000  1.4422365e+001  2.6000000e+000
  5.0061710e+000  1.4521453e+001  2.6000000e+000
  5.0072270e+000  1.4620541e+001  2.6000000e+000
  5.0082830e+000  1.4719629e+001  2.6000000e+000
  5.0879110e+000  1.4820268e+001  2.6000000e+000
  5.0889770e+000  1.4919359e+001  2.6000000e+000
  5.0900440e+000  1.5018450e+001  2.6000000e+000
  5.0911110e+000  1.5117542e+001  2.6000000e+000
  5.0921780e+000  1.5216633e+001  2.6000000e+000
  5.0146190e+000  1.5314157e+001  2.6000000e+000
  5.0943110e+000  1.5414815e+001  2.6000000e+000
  5.0167310e+000  1.5512333e+001  2.6000000e+000
  5.0177860e+000  1.5611421e+001  2.6000000e+000
  4.9401730e+000  1.5708929e+001  2.6000000e+000
  5.0198980e+000  1.5809597e+001  2.6000000e+000
  4.9412180e+000  1.5808014e+001  2.6000000e+000
  4.8635730e+000  1.5905512e+001  2.6000000e+000
  4.9433080e+000  1.6006183e+001  2.6000000e+000
  4.8656410e+000  1.6103676e+001  2.6000000e+000
  4.9453990e+000  1.6204353e+001  2.6000000e+000
  4.8677090e+000  1.6301839e+001  2.6000000e+000
  4.9474890e+000  1.6402523e+001  2.6000000e+000
  4.8687440e+000  1.6400921e+001  2.6000000e+000
  4.7899990e+000  1.6399319e+001  2.6000000e+000
  4.7122660e+000  1.6496792e+001  2.6000000e+000
  4.7920450e+000  1.6597476e+001  2.6000000e+000
  4.7122660e+000  1.6496792e+001  2.6000000e+000
  4.6345120e+000  1.6594259e+001  2.6000000e+000
  4.6355130e+000  1.6693331e+001  2.6000000e+000
  4.5577260e+000  1.6790789e+001  2.6000000e+000
  4.5587170e+000  1.6889858e+001  2.6000000e+000
  4.5597080e+000  1.6988927e+001  2.6000000e+000
  4.6395190e+000  1.7089620e+001  2.6000000e+000
  4.6405210e+000  1.7188692e+001  2.6000000e+000
  4.5616890e+000  1.7187065e+001  2.6000000e+000
  4.4838370e+000  1.7284503e+001  2.6000000e+000
  4.5636710e+000  1.7385203e+001  2.6000000e+000
  4.5646610e+000  1.7484272e+001  2.6000000e+000
  4.5656520e+000  1.7583341e+001  2.6000000e+000
  4.4877560e+000  1.7680767e+001  2.6000000e+000
  4.4887360e+000  1.7779833e+001  2.6000000e+000
  4.4897160e+000  1.7878899e+001  2.6000000e+000
  4.4887360e+000  1.7779833e+001  2.6000000e+000
  4.4088700e+000  1.7679124e+001  2.6000000e+000
  4.3309420e+000  1.7776540e+001  2.6000000e+000
  4.2529920e+000  1.7873950e+001  2.6000000e+000
  4.3328580e+000  1.7974659e+001  2.6000000e+000
  4.3338170e+000  1.8073719e+001  2.6000000e+000
  4.4137150e+000  1.8174437e+001  2.6000000e+000
  4.4916760e+000  1.8077030e+001  2.6000000e+000
  4.5706060e+000  1.8078686e+001  2.6000000e+000
  4.4916760e+000  1.8077030e+001  2.6000000e+000
  4.4137150e+000  1.8174437e+001  2.6000000e+000
  4.4146840e+000  1.8273500e+001  2.6000000e+000
  4.3366910e+000  1.8370897e+001  2.6000000e+000
  4.2586760e+000  1.8468288e+001  2.6000000e+000
  4.2596230e+000  1.8567345e+001  2.6000000e+000
  4.3395660e+000  1.8668076e+001  2.6000000e+000
  4.4175910e+000  1.8570688e+001  2.6000000e+000
  4.3395660e+000  1.8668076e+001  2.6000000e+000
  4.3405240e+000  1.8767135e+001  2.6000000e+000
  4.8541380e+000  9.4195190e+000  2.7000000e+000
  4.8551080e+000  9.5222300e+000  2.7000000e+000
  4.8560780e+000  9.6249410e+000  2.7000000e+000
  4.8570480e+000  9.7276520e+000  2.7000000e+000
  4.8580180e+000  9.8303630e+000  2.7000000e+000
  4.8589880e+000  9.9330740e+000  2.7000000e+000
  4.8599580e+000  1.0035785e+001  2.7000000e+000
  4.8609280e+000  1.0138496e+001  2.7000000e+000
  4.9408610e+000  1.0240811e+001  2.7000000e+000
  4.9418400e+000  1.0343522e+001  2.7000000e+000
  4.9428190e+000  1.0446233e+001  2.7000000e+000
  4.9437980e+000  1.0548944e+001  2.7000000e+000
  4.9447770e+000  1.0651656e+001  2.7000000e+000
  4.9457560e+000  1.0754367e+001  2.7000000e+000
  4.9467350e+000  1.0857078e+001  2.7000000e+000
  4.9477140e+000  1.0959789e+001  2.7000000e+000
  4.9486930e+000  1.1062500e+001  2.7000000e+000
  4.9496720e+000  1.1165211e+001  2.7000000e+000
  4.9506510e+000  1.1267922e+001  2.7000000e+000
  4.9516300e+000  1.1370633e+001  2.7000000e+000
  5.0316800e+000  1.1472951e+001  2.7000000e+000
  5.0326680e+000  1.1575662e+001  2.7000000e+000
  5.0336570e+000  1.1678374e+001  2.7000000e+000
  4.9555460e+000  1.1781477e+001  2.7000000e+000
  4.9565250e+000  1.1884188e+001  2.7000000e+000
  4.9575040e+000  1.1986899e+001  2.7000000e+000
  4.9584830e+000  1.2089611e+001  2.7000000e+000
  4.8803270e+000  1.2192713e+001  2.7000000e+000
  4.8021540e+000  1.2295816e+001  2.7000000e+000
  4.8822680e+000  1.2398135e+001  2.7000000e+000
  4.9623990e+000  1.2500455e+001  2.7000000e+000
  4.8842070e+000  1.2603557e+001  2.7000000e+000
  4.8851780e+000  1.2706268e+001  2.7000000e+000
  4.8069590e+000  1.2809369e+001  2.7000000e+000
  4.8079200e+000  1.2912080e+001  2.7000000e+000
  4.8880880e+000  1.3014400e+001  2.7000000e+000
  4.8098420e+000  1.3117501e+001  2.7000000e+000
  4.8108030e+000  1.3220212e+001  2.7000000e+000
  4.7325300e+000  1.3323312e+001  2.7000000e+000
  4.7334820e+000  1.3426023e+001  2.7000000e+000
  4.8136860e+000  1.3528344e+001  2.7000000e+000
  4.8939080e+000  1.3630666e+001  2.7000000e+000
  4.8156080e+000  1.3733765e+001  2.7000000e+000
  4.8165690e+000  1.3836476e+001  2.7000000e+000
  4.8175300e+000  1.3939187e+001  2.7000000e+000
  4.8977870e+000  1.4041509e+001  2.7000000e+000
  4.8194520e+000  1.4144608e+001  2.7000000e+000
  4.8997270e+000  1.4246931e+001  2.7000000e+000
  4.9790420e+000  1.4246543e+001  2.7000000e+000
  4.9006970e+000  1.4349642e+001  2.7000000e+000
  4.9016670e+000  1.4452353e+001  2.7000000e+000
  4.9819790e+000  1.4554676e+001  2.7000000e+000
  4.9829580e+000  1.4657387e+001  2.7000000e+000
  4.9839370e+000  1.4760098e+001  2.7000000e+000
  4.9849160e+000  1.4862809e+001  2.7000000e+000
  4.9858950e+000  1.4965521e+001  2.7000000e+000
  4.9868740e+000  1.5068232e+001  2.7000000e+000
  4.9878530e+000  1.5170943e+001  2.7000000e+000
  4.9888320e+000  1.5273654e+001  2.7000000e+000
  4.9898110e+000  1.5376365e+001  2.7000000e+000
  4.9907900e+000  1.5479076e+001  2.7000000e+000
  4.9917690e+000  1.5581787e+001  2.7000000e+000
  4.9133070e+000  1.5684883e+001  2.7000000e+000
  4.9937270e+000  1.5787209e+001  2.7000000e+000
  4.9152470e+000  1.5890305e+001  2.7000000e+000
  4.9162170e+000  1.5993016e+001  2.7000000e+000
  4.8377100e+000  1.6096112e+001  2.7000000e+000
  4.8386710e+000  1.6198822e+001  2.7000000e+000
  4.8396320e+000  1.6301533e+001  2.7000000e+000
  4.7610890e+000  1.6404628e+001  2.7000000e+000
  4.8415540e+000  1.6506954e+001  2.7000000e+000
  4.7629930e+000  1.6610049e+001  2.7000000e+000
  4.6844140e+000  1.6713143e+001  2.7000000e+000
  4.7648970e+000  1.6815470e+001  2.7000000e+000
  4.6853570e+000  1.6815853e+001  2.7000000e+000
  4.6058170e+000  1.6816236e+001  2.7000000e+000
  4.5272010e+000  1.6919330e+001  2.7000000e+000
  4.5281260e+000  1.7022039e+001  2.7000000e+000
  4.5290510e+000  1.7124749e+001  2.7000000e+000
  4.6095520e+000  1.7227077e+001  2.7000000e+000
  4.6900710e+000  1.7329405e+001  2.7000000e+000
  4.6114200e+000  1.7432497e+001  2.7000000e+000
  4.5327510e+000  1.7535589e+001  2.7000000e+000
  4.5336760e+000  1.7638299e+001  2.7000000e+000
  4.6142220e+000  1.7740628e+001  2.7000000e+000
  4.5346000e+000  1.7741009e+001  2.7000000e+000
  4.4558950e+000  1.7844101e+001  2.7000000e+000
  4.3771720e+000  1.7947191e+001  2.7000000e+000
  4.3780790e+000  1.8049901e+001  2.7000000e+000
  4.4586430e+000  1.8152230e+001  2.7000000e+000
  4.3798920e+000  1.8255320e+001  2.7000000e+000
  4.3807990e+000  1.8358030e+001  2.7000000e+000
  4.3817060e+000  1.8460739e+001  2.7000000e+000
  4.3011240e+000  1.8358410e+001  2.7000000e+000
  4.2223370e+000  1.8461500e+001  2.7000000e+000
  4.2232260e+000  1.8564209e+001  2.7000000e+000
  4.3038170e+000  1.8666538e+001  2.7000000e+000
  4.2241150e+000  1.8666918e+001  2.7000000e+000
  4.1452920e+000  1.8770007e+001  2.7000000e+000
  4.2258930e+000  1.8872337e+001  2.7000000e+000
  4.1461720e+000  1.8872716e+001  2.7000000e+000
  4.0673220e+000  1.8975805e+001  2.7000000e+000
  4.1479320e+000  1.9078134e+001  2.7000000e+000
  4.1488120e+000  1.9180843e+001  2.7000000e+000
  4.6426890e+000  9.4100070e+000  2.8000000e+000
  4.6463620e+000  9.6088290e+000  2.8000000e+000
  4.7271870e+000  9.7097050e+000  2.8000000e+000
  4.7290360e+000  9.8091260e+000  2.8000000e+000
  4.6518700e+000  9.9070620e+000  2.8000000e+000
  4.6537060e+000  1.0006473e+001  2.8000000e+000
  4.7345830e+000  1.0107388e+001  2.8000000e+000
  4.7364320e+000  1.0206808e+001  2.8000000e+000
  4.7382810e+000  1.0306229e+001  2.8000000e+000
  4.7401300e+000  1.0405649e+001  2.8000000e+000
  4.7419790e+000  1.0505070e+001  2.8000000e+000
  4.7438280e+000  1.0604490e+001  2.8000000e+000
  4.7456770e+000  1.0703911e+001  2.8000000e+000
  4.7475260e+000  1.0803332e+001  2.8000000e+000
  4.7493760e+000  1.0902752e+001  2.8000000e+000
  4.7512250e+000  1.1002173e+001  2.8000000e+000
  4.7530740e+000  1.1101593e+001  2.8000000e+000
  4.7549230e+000  1.1201014e+001  2.8000000e+000
  4.7567720e+000  1.1300435e+001  2.8000000e+000
  4.8378290e+000  1.1401485e+001  2.8000000e+000
  4.7604700e+000  1.1499276e+001  2.8000000e+000
  4.8415530e+000  1.1600345e+001  2.8000000e+000
  4.8434140e+000  1.1699775e+001  2.8000000e+000
  4.8452760e+000  1.1799205e+001  2.8000000e+000
  4.7678660e+000  1.1896958e+001  2.8000000e+000
  4.8490000e+000  1.1998066e+001  2.8000000e+000
  4.7715640e+000  1.2095799e+001  2.8000000e+000
  4.6941020e+000  1.2193513e+001  2.8000000e+000
  4.7752620e+000  1.2294640e+001  2.8000000e+000
  4.6977750e+000  1.2392335e+001  2.8000000e+000
  4.6202610e+000  1.2490010e+001  2.8000000e+000
  4.7014470e+000  1.2591157e+001  2.8000000e+000
  4.7032830e+000  1.2690568e+001  2.8000000e+000
  4.6257310e+000  1.2788214e+001  2.8000000e+000
  4.6275540e+000  1.2887616e+001  2.8000000e+000
  4.7087920e+000  1.2988801e+001  2.8000000e+000
  4.7106280e+000  1.3088212e+001  2.8000000e+000
  4.7124640e+000  1.3187622e+001  2.8000000e+000
  4.7143000e+000  1.3287033e+001  2.8000000e+000
  4.7161360e+000  1.3386444e+001  2.8000000e+000
  4.6384940e+000  1.3484023e+001  2.8000000e+000
  4.7198090e+000  1.3585266e+001  2.8000000e+000
  4.7216450e+000  1.3684677e+001  2.8000000e+000
  4.7234810e+000  1.3784088e+001  2.8000000e+000
  4.7253170e+000  1.3883499e+001  2.8000000e+000
  4.8066960e+000  1.3984790e+001  2.8000000e+000
  4.8862390e+000  1.3986670e+001  2.8000000e+000
  4.8085450e+000  1.4084211e+001  2.8000000e+000
  4.8103940e+000  1.4183631e+001  2.8000000e+000
  4.8122430e+000  1.4283052e+001  2.8000000e+000
  4.8140920e+000  1.4382472e+001  2.8000000e+000
  4.8159410e+000  1.4481893e+001  2.8000000e+000
  4.8177910e+000  1.4581314e+001  2.8000000e+000
  4.8196400e+000  1.4680734e+001  2.8000000e+000
  4.8214890e+000  1.4780155e+001  2.8000000e+000
  4.8233380e+000  1.4879575e+001  2.8000000e+000
  4.8251870e+000  1.4978996e+001  2.8000000e+000
  4.9067200e+000  1.5080403e+001  2.8000000e+000
  4.9085820e+000  1.5179833e+001  2.8000000e+000
  4.9104440e+000  1.5279263e+001  2.8000000e+000
  4.8325830e+000  1.5376678e+001  2.8000000e+000
  4.8344320e+000  1.5476099e+001  2.8000000e+000
  4.8362810e+000  1.5575519e+001  2.8000000e+000
  4.8381300e+000  1.5674940e+001  2.8000000e+000
  4.8399790e+000  1.5774360e+001  2.8000000e+000
  4.7620410e+000  1.5871718e+001  2.8000000e+000
  4.6840760e+000  1.5969056e+001  2.8000000e+000
  4.7657130e+000  1.6070540e+001  2.8000000e+000
  4.6877230e+000  1.6167858e+001  2.8000000e+000
  4.6895460e+000  1.6267259e+001  2.8000000e+000
  4.6913700e+000  1.6366661e+001  2.8000000e+000
  4.6895460e+000  1.6267259e+001  2.8000000e+000
  4.6078970e+000  1.6165766e+001  2.8000000e+000
  4.5280710e+000  1.6163673e+001  2.8000000e+000
  4.4482450e+000  1.6161581e+001  2.8000000e+000
  4.3701900e+000  1.6258851e+001  2.8000000e+000
  4.4518140e+000  1.6360326e+001  2.8000000e+000
  4.5316660e+000  1.6362437e+001  2.8000000e+000
  4.5334630e+000  1.6461819e+001  2.8000000e+000
  4.5352610e+000  1.6561201e+001  2.8000000e+000
  4.5370580e+000  1.6660583e+001  2.8000000e+000
  4.5388560e+000  1.6759965e+001  2.8000000e+000
  4.4607370e+000  1.6857188e+001  2.8000000e+000
  4.4625220e+000  1.6956560e+001  2.8000000e+000
  4.4643070e+000  1.7055932e+001  2.8000000e+000
  4.3843650e+000  1.7053753e+001  2.8000000e+000
  4.3061820e+000  1.7150927e+001  2.8000000e+000
  4.3896800e+000  1.7351841e+001  2.8000000e+000
  4.3914520e+000  1.7451204e+001  2.8000000e+000
  4.4732300e+000  1.7552794e+001  2.8000000e+000
  4.3949950e+000  1.7649930e+001  2.8000000e+000
  4.3149760e+000  1.7647693e+001  2.8000000e+000
  4.2349570e+000  1.7645456e+001  2.8000000e+000
  4.1566710e+000  1.7742552e+001  2.8000000e+000
  4.2384490e+000  1.7844142e+001  2.8000000e+000
  4.2401950e+000  1.7943486e+001  2.8000000e+000
  4.1601370e+000  1.7941220e+001  2.8000000e+000
  4.0800790e+000  1.7938954e+001  2.8000000e+000
  4.0000210e+000  1.7936688e+001  2.8000000e+000
  3.9216580e+000  1.8033727e+001  2.8000000e+000
  4.0034360e+000  1.8135317e+001  2.8000000e+000
  4.0835200e+000  1.8137602e+001  2.8000000e+000
  4.0852400e+000  1.8236926e+001  2.8000000e+000
  4.0068510e+000  1.8333946e+001  2.8000000e+000
  3.9284360e+000  1.8430946e+001  2.8000000e+000
  4.0102660e+000  1.8532575e+001  2.8000000e+000
  3.9301300e+000  1.8530251e+001  2.8000000e+000
  3.8516770e+000  1.8627223e+001  2.8000000e+000
  3.9335190e+000  1.8728861e+001  2.8000000e+000
  4.0153880e+000  1.8830519e+001  2.8000000e+000
  3.9369080e+000  1.8927471e+001  2.8000000e+000
  3.8550400e+000  1.8825813e+001  2.8000000e+000
  4.0124610e+000  1.7254799e+001  2.9000000e+000
  4.0112150e+000  1.7156185e+001  2.9000000e+000
  4.1579660e+000  1.6270956e+001  2.9000000e+000
  4.5441710e+000  9.5684140e+000  2.9000000e+000
  4.5454600e+000  9.6670820e+000  2.9000000e+000
  4.5467500e+000  9.7657500e+000  2.9000000e+000
  4.5480390e+000  9.8644180e+000  2.9000000e+000
  4.5493290e+000  9.9630870e+000  2.9000000e+000
  4.4719790e+000  1.0061032e+001  2.9000000e+000
  4.5519080e+000  1.0160423e+001  2.9000000e+000
  4.5531970e+000  1.0259091e+001  2.9000000e+000
  4.5544870e+000  1.0357759e+001  2.9000000e+000
  4.5557770e+000  1.0456428e+001  2.9000000e+000
  4.5570660e+000  1.0555096e+001  2.9000000e+000
  4.6370280e+000  1.0654527e+001  2.9000000e+000
  4.6383230e+000  1.0753202e+001  2.9000000e+000
  4.6396180e+000  1.0851877e+001  2.9000000e+000
  4.5622240e+000  1.0949768e+001  2.9000000e+000
  4.6422080e+000  1.1049227e+001  2.9000000e+000
  4.6435030e+000  1.1147902e+001  2.9000000e+000
  4.5660930e+000  1.1245773e+001  2.9000000e+000
  4.6460930e+000  1.1345252e+001  2.9000000e+000
  4.6473880e+000  1.1443927e+001  2.9000000e+000
  4.5699620e+000  1.1541778e+001  2.9000000e+000
  4.5712510e+000  1.1640446e+001  2.9000000e+000
  4.6512730e+000  1.1739952e+001  2.9000000e+000
  4.6525680e+000  1.1838627e+001  2.9000000e+000
  4.6538630e+000  1.1937301e+001  2.9000000e+000
  4.6551580e+000  1.2035976e+001  2.9000000e+000
  4.6564530e+000  1.2134651e+001  2.9000000e+000
  4.5776990e+000  1.2133787e+001  2.9000000e+000
  4.5002290e+000  1.2231583e+001  2.9000000e+000
  4.5802780e+000  1.2331123e+001  2.9000000e+000
  4.5815680e+000  1.2429791e+001  2.9000000e+000
  4.5040810e+000  1.2527568e+001  2.9000000e+000
  4.5841470e+000  1.2627128e+001  2.9000000e+000
  4.6629280e+000  1.2628026e+001  2.9000000e+000
  4.7417090e+000  1.2628925e+001  2.9000000e+000
  4.6629280e+000  1.2628026e+001  2.9000000e+000
  4.5841470e+000  1.2627128e+001  2.9000000e+000
  4.5066500e+000  1.2724890e+001  2.9000000e+000
  4.5079340e+000  1.2823552e+001  2.9000000e+000
  4.5092180e+000  1.2922213e+001  2.9000000e+000
  4.5893050e+000  1.3021800e+001  2.9000000e+000
  4.6668130e+000  1.2924051e+001  2.9000000e+000
  4.6681080e+000  1.3022726e+001  2.9000000e+000
  4.5905940e+000  1.3120468e+001  2.9000000e+000
  4.5918840e+000  1.3219137e+001  2.9000000e+000
  4.6719930e+000  1.3318751e+001  2.9000000e+000
  4.6732880e+000  1.3417426e+001  2.9000000e+000
  4.6745830e+000  1.3516101e+001  2.9000000e+000
  4.5970420e+000  1.3613809e+001  2.9000000e+000
  4.6771730e+000  1.3713451e+001  2.9000000e+000
  4.6784680e+000  1.3812126e+001  2.9000000e+000
  4.6797620e+000  1.3910800e+001  2.9000000e+000
  4.6810570e+000  1.4009475e+001  2.9000000e+000
  4.7612150e+000  1.4109150e+001  2.9000000e+000
  4.7625160e+000  1.4207832e+001  2.9000000e+000
  4.6836480e+000  1.4206825e+001  2.9000000e+000
  4.6060690e+000  1.4304487e+001  2.9000000e+000
  4.6862370e+000  1.4404175e+001  2.9000000e+000
  4.6875320e+000  1.4502850e+001  2.9000000e+000
  4.6888270e+000  1.4601525e+001  2.9000000e+000
  4.6901220e+000  1.4700200e+001  2.9000000e+000
  4.6914170e+000  1.4798875e+001  2.9000000e+000
  4.6927120e+000  1.4897550e+001  2.9000000e+000
  4.6940070e+000  1.4996225e+001  2.9000000e+000
  4.6953020e+000  1.5094900e+001  2.9000000e+000
  4.6176750e+000  1.5192500e+001  2.9000000e+000
  4.6978920e+000  1.5292250e+001  2.9000000e+000
  4.6176750e+000  1.5192500e+001  2.9000000e+000
  4.5400360e+000  1.5290087e+001  2.9000000e+000
  4.5413210e+000  1.5388749e+001  2.9000000e+000
  4.6215430e+000  1.5488505e+001  2.9000000e+000
  4.6228330e+000  1.5587173e+001  2.9000000e+000
  4.6241230e+000  1.5685841e+001  2.9000000e+000
  4.5451730e+000  1.5684733e+001  2.9000000e+000
  4.4675020e+000  1.5782279e+001  2.9000000e+000
  4.4687810e+000  1.5880934e+001  2.9000000e+000
  4.5490250e+000  1.5980717e+001  2.9000000e+000
  4.4713380e+000  1.6078243e+001  2.9000000e+000
  4.4726170e+000  1.6176898e+001  2.9000000e+000
  4.3936400e+000  1.6175755e+001  2.9000000e+000
  4.3159300e+000  1.6273254e+001  2.9000000e+000
  4.2382110e+000  1.6370740e+001  2.9000000e+000
  4.1604800e+000  1.6468212e+001  2.9000000e+000
  4.1617360e+000  1.6566839e+001  2.9000000e+000
  4.1629930e+000  1.6665467e+001  2.9000000e+000
  4.2432600e+000  1.6765277e+001  2.9000000e+000
  4.2445220e+000  1.6863912e+001  2.9000000e+000
  4.3248050e+000  1.6963742e+001  2.9000000e+000
  4.3260730e+000  1.7062383e+001  2.9000000e+000
  4.2483090e+000  1.7159815e+001  2.9000000e+000
  4.1680210e+000  1.7059977e+001  2.9000000e+000
  4.0889950e+000  1.7058774e+001  2.9000000e+000
  4.0112150e+000  1.7156185e+001  2.9000000e+000
  4.0124610e+000  1.7254799e+001  2.9000000e+000
  4.0149530e+000  1.7452027e+001  2.9000000e+000
  4.0162000e+000  1.7550641e+001  2.9000000e+000
  4.0965040e+000  1.7650499e+001  2.9000000e+000
  4.0186920e+000  1.7747869e+001  2.9000000e+000
  3.9408680e+000  1.7845226e+001  2.9000000e+000
  4.0211840e+000  1.7945097e+001  2.9000000e+000
  3.9433500e+000  1.8042441e+001  2.9000000e+000
  3.8655040e+000  1.8139770e+001  2.9000000e+000
  3.8667400e+000  1.8238371e+001  2.9000000e+000
  3.7888780e+000  1.8335680e+001  2.9000000e+000
  3.7901080e+000  1.8434274e+001  2.9000000e+000
  3.7913380e+000  1.8532868e+001  2.9000000e+000
  3.7925670e+000  1.8631461e+001  2.9000000e+000
  3.7937970e+000  1.8730055e+001  2.9000000e+000
  3.7962570e+000  1.8927243e+001  2.9000000e+000
  4.6103640e+000  9.6049210e+000  3.0000000e+000
  4.6104270e+000  9.5063860e+000  3.0000000e+000
  4.6103640e+000  9.6049210e+000  3.0000000e+000
  4.6103010e+000  9.7034560e+000  3.0000000e+000
  4.6889460e+000  9.8030020e+000  3.0000000e+000
  4.6102380e+000  9.8019910e+000  3.0000000e+000
  4.6101120e+000  9.9990620e+000  3.0000000e+000
  4.6100490e+000  1.0097597e+001  3.0000000e+000
  4.6099860e+000  1.0196132e+001  3.0000000e+000
  4.6887330e+000  1.0295730e+001  3.0000000e+000
  4.6886900e+000  1.0394276e+001  3.0000000e+000
  4.6886470e+000  1.0492822e+001  3.0000000e+000
  4.6886050e+000  1.0591367e+001  3.0000000e+000
  4.6096720e+000  1.0688808e+001  3.0000000e+000
  4.6885190e+000  1.0788459e+001  3.0000000e+000
  4.6884770e+000  1.0887004e+001  3.0000000e+000
  4.7673850e+000  1.0986686e+001  3.0000000e+000
  4.6883910e+000  1.1084096e+001  3.0000000e+000
  4.6883490e+000  1.1182641e+001  3.0000000e+000
  4.7673180e+000  1.1282354e+001  3.0000000e+000
  4.6882630e+000  1.1379733e+001  3.0000000e+000
  4.7672730e+000  1.1479466e+001  3.0000000e+000
  4.6881780e+000  1.1576824e+001  3.0000000e+000
  4.7672280e+000  1.1676578e+001  3.0000000e+000
  4.7672060e+000  1.1775134e+001  3.0000000e+000
  4.7671830e+000  1.1873690e+001  3.0000000e+000
  4.7671610e+000  1.1972247e+001  3.0000000e+000
  4.6879640e+000  1.2069552e+001  3.0000000e+000
  4.6879220e+000  1.2168098e+001  3.0000000e+000
  4.7670930e+000  1.2267915e+001  3.0000000e+000
  4.7670710e+000  1.2366471e+001  3.0000000e+000
  4.7670490e+000  1.2465027e+001  3.0000000e+000
  4.7670260e+000  1.2563583e+001  3.0000000e+000
  4.8462990e+000  1.2663452e+001  3.0000000e+000
  4.9255950e+000  1.2664765e+001  3.0000000e+000
  4.8462970e+000  1.2762019e+001  3.0000000e+000
  4.7670040e+000  1.2662139e+001  3.0000000e+000
  4.6876650e+000  1.2759372e+001  3.0000000e+000
  4.6876230e+000  1.2857917e+001  3.0000000e+000
  4.6082240e+000  1.2955119e+001  3.0000000e+000
  4.6081610e+000  1.3053654e+001  3.0000000e+000
  4.6874950e+000  1.3153554e+001  3.0000000e+000
  4.7668690e+000  1.3253475e+001  3.0000000e+000
  4.8462890e+000  1.3156284e+001  3.0000000e+000
  4.7668690e+000  1.3253475e+001  3.0000000e+000
  4.7668470e+000  1.3352031e+001  3.0000000e+000
  4.8462820e+000  1.3451984e+001  3.0000000e+000
  4.8462800e+000  1.3550550e+001  3.0000000e+000
  4.7668240e+000  1.3450588e+001  3.0000000e+000
  4.6873670e+000  1.3449191e+001  3.0000000e+000
  4.6078460e+000  1.3546330e+001  3.0000000e+000
  4.6077830e+000  1.3644865e+001  3.0000000e+000
  4.6872390e+000  1.3744828e+001  3.0000000e+000
  4.6076570e+000  1.3841936e+001  3.0000000e+000
  4.6075940e+000  1.3940471e+001  3.0000000e+000
  4.6871100e+000  1.4040465e+001  3.0000000e+000
  4.6870680e+000  1.4139011e+001  3.0000000e+000
  4.6074050e+000  1.4236077e+001  3.0000000e+000
  4.6073420e+000  1.4334612e+001  3.0000000e+000
  4.6869400e+000  1.4434648e+001  3.0000000e+000
  4.6072160e+000  1.4531682e+001  3.0000000e+000
  4.6071530e+000  1.4630218e+001  3.0000000e+000
  4.6070910e+000  1.4728753e+001  3.0000000e+000
  4.6070280e+000  1.4827288e+001  3.0000000e+000
  4.6867260e+000  1.4927376e+001  3.0000000e+000
  4.6866840e+000  1.5025922e+001  3.0000000e+000
  4.6866410e+000  1.5124467e+001  3.0000000e+000
  4.6067760e+000  1.5221429e+001  3.0000000e+000
  4.6067130e+000  1.5319964e+001  3.0000000e+000
  4.5267870e+000  1.5416895e+001  3.0000000e+000
  4.5267040e+000  1.5515420e+001  3.0000000e+000
  4.4467170e+000  1.5612319e+001  3.0000000e+000
  4.3668140e+000  1.5610693e+001  3.0000000e+000
  4.2870550e+000  1.5510574e+001  3.0000000e+000
  4.2070070e+000  1.5607442e+001  3.0000000e+000
  4.2068430e+000  1.5705926e+001  3.0000000e+000
  4.2866230e+000  1.5806055e+001  3.0000000e+000
  4.2864790e+000  1.5904549e+001  3.0000000e+000
  4.3663190e+000  1.6004709e+001  3.0000000e+000
  4.3661950e+000  1.6103213e+001  3.0000000e+000
  4.2860470e+000  1.6200029e+001  3.0000000e+000
  4.2859030e+000  1.6298523e+001  3.0000000e+000
  4.2060220e+000  1.6198341e+001  3.0000000e+000
  4.2055290e+000  1.6493791e+001  3.0000000e+000
  4.2856150e+000  1.6495510e+001  3.0000000e+000
  4.2055290e+000  1.6493791e+001  3.0000000e+000
  4.7058390e+000  9.9249250e+000  3.1000000e+000
  4.6264780e+000  1.0026995e+001  3.1000000e+000
  4.6259570e+000  1.0129213e+001  3.1000000e+000
  4.7043310e+000  1.0231606e+001  3.1000000e+000
  4.7038290e+000  1.0333833e+001  3.1000000e+000
  4.7033260e+000  1.0436060e+001  3.1000000e+000
  4.7028230e+000  1.0538287e+001  3.1000000e+000
  4.7023210e+000  1.0640514e+001  3.1000000e+000
  4.7018180e+000  1.0742741e+001  3.1000000e+000
  4.7013150e+000  1.0844968e+001  3.1000000e+000
  4.7008130e+000  1.0947194e+001  3.1000000e+000
  4.7003100e+000  1.1049421e+001  3.1000000e+000
  4.6998080e+000  1.1151648e+001  3.1000000e+000
  4.6993050e+000  1.1253875e+001  3.1000000e+000
  4.6988020e+000  1.1356102e+001  3.1000000e+000
  4.6983000e+000  1.1458329e+001  3.1000000e+000
  4.6977970e+000  1.1560556e+001  3.1000000e+000
  4.6972940e+000  1.1662783e+001  3.1000000e+000
  4.6967920e+000  1.1765010e+001  3.1000000e+000
  4.6962890e+000  1.1867237e+001  3.1000000e+000
  4.7749900e+000  1.1969778e+001  3.1000000e+000
  4.7745060e+000  1.2072013e+001  3.1000000e+000
  4.7740210e+000  1.2174248e+001  3.1000000e+000
  4.7735370e+000  1.2276483e+001  3.1000000e+000
  4.6937760e+000  1.2378372e+001  3.1000000e+000
  4.6932730e+000  1.2480599e+001  3.1000000e+000
  4.7720840e+000  1.2583189e+001  3.1000000e+000
  4.6932730e+000  1.2480599e+001  3.1000000e+000
  4.6134580e+000  1.2582462e+001  3.1000000e+000
  4.6129370e+000  1.2684681e+001  3.1000000e+000
  4.6124160e+000  1.2786900e+001  3.1000000e+000
  4.6118960e+000  1.2889119e+001  3.1000000e+000
  4.6113750e+000  1.2991337e+001  3.1000000e+000
  4.6108540e+000  1.3093556e+001  3.1000000e+000
  4.6103330e+000  1.3195775e+001  3.1000000e+000
  4.6098120e+000  1.3297993e+001  3.1000000e+000
  4.5298330e+000  1.3399783e+001  3.1000000e+000
  4.5292940e+000  1.3501993e+001  3.1000000e+000
  4.5287550e+000  1.3604204e+001  3.1000000e+000
  4.5282160e+000  1.3706414e+001  3.1000000e+000
  4.5276770e+000  1.3808625e+001  3.1000000e+000
  4.5271380e+000  1.3910835e+001  3.1000000e+000
  4.5265990e+000  1.4013046e+001  3.1000000e+000
  4.5260600e+000  1.4115256e+001  3.1000000e+000
  4.5255220e+000  1.4217466e+001  3.1000000e+000
  4.5249830e+000  1.4319677e+001  3.1000000e+000
  4.6040830e+000  1.4422399e+001  3.1000000e+000
  4.5239050e+000  1.4524098e+001  3.1000000e+000
  4.6030420e+000  1.4626837e+001  3.1000000e+000
  4.6025210e+000  1.4729055e+001  3.1000000e+000
  4.6020000e+000  1.4831274e+001  3.1000000e+000
  4.6014790e+000  1.4933493e+001  3.1000000e+000
  4.6009590e+000  1.5035711e+001  3.1000000e+000
  4.6004380e+000  1.5137930e+001  3.1000000e+000
  4.5999170e+000  1.5240149e+001  3.1000000e+000
  4.5195930e+000  1.5341781e+001  3.1000000e+000
  4.4397890e+000  1.5341195e+001  3.1000000e+000
  4.3594110e+000  1.5442803e+001  3.1000000e+000
  4.3588350e+000  1.5544997e+001  3.1000000e+000
  4.3582600e+000  1.5647191e+001  3.1000000e+000
  4.2778080e+000  1.5748766e+001  3.1000000e+000
  4.2772150e+000  1.5850952e+001  3.1000000e+000
  4.2766220e+000  1.5953138e+001  3.1000000e+000
  4.2760280e+000  1.6055324e+001  3.1000000e+000
  4.2766220e+000  1.5953138e+001  3.1000000e+000
  4.2772150e+000  1.5850952e+001  3.1000000e+000
  4.1979320e+000  1.5748147e+001  3.1000000e+000
  4.1174260e+000  1.5849698e+001  3.1000000e+000
  4.1167970e+000  1.5951867e+001  3.1000000e+000
  4.1161670e+000  1.6054036e+001  3.1000000e+000
  4.1155370e+000  1.6156205e+001  3.1000000e+000
  4.1149070e+000  1.6258375e+001  3.1000000e+000
  4.1942620e+000  1.6361212e+001  3.1000000e+000
  4.2748410e+000  1.6259695e+001  3.1000000e+000
  4.2742480e+000  1.6361881e+001  3.1000000e+000
  4.1942620e+000  1.6361212e+001  3.1000000e+000
  4.1136470e+000  1.6462713e+001  3.1000000e+000
  4.1130180e+000  1.6564882e+001  3.1000000e+000
  4.1123880e+000  1.6667051e+001  3.1000000e+000
  4.1117580e+000  1.6769221e+001  3.1000000e+000
  4.1111280e+000  1.6871390e+001  3.1000000e+000
  4.0304040e+000  1.6972841e+001  3.1000000e+000
  4.0297560e+000  1.7075002e+001  3.1000000e+000
  3.9489780e+000  1.7176429e+001  3.1000000e+000
  3.9483110e+000  1.7278581e+001  3.1000000e+000
  3.9489780e+000  1.7176429e+001  3.1000000e+000
  3.9496440e+000  1.7074276e+001  3.1000000e+000
  3.8667940e+000  1.7482128e+001  3.1000000e+000
  3.7859060e+000  1.7583505e+001  3.1000000e+000
  3.7049830e+000  1.7684865e+001  3.1000000e+000
  3.7845020e+000  1.7787777e+001  3.1000000e+000
  3.7035410e+000  1.7889121e+001  3.1000000e+000
  3.7028210e+000  1.7991249e+001  3.1000000e+000
  3.7021000e+000  1.8093377e+001  3.1000000e+000
  3.6210670e+000  1.8194688e+001  3.1000000e+000
  3.7006590e+000  1.8297633e+001  3.1000000e+000
  3.6999380e+000  1.8399761e+001  3.1000000e+000
  3.6992170e+000  1.8501889e+001  3.1000000e+000
  3.6181120e+000  1.8603167e+001  3.1000000e+000
  3.6173730e+000  1.8705287e+001  3.1000000e+000
  3.6158950e+000  1.8909526e+001  3.1000000e+000
