  3.0382790e+000  9.9133640e+000  2.1000000e+000
  3.1171230e+000  9.9140110e+000  2.1000000e+000
  3.0386400e+000  1.0012207e+001  2.1000000e+000
  3.0390010e+000  1.0111051e+001  2.1000000e+000
  3.0393620e+000  1.0209894e+001  2.1000000e+000
  3.1186140e+000  1.0309404e+001  2.1000000e+000
  3.1189870e+000  1.0408253e+001  2.1000000e+000
  3.0404450e+000  1.0506425e+001  2.1000000e+000
  3.0408060e+000  1.0605268e+001  2.1000000e+000
  3.0411670e+000  1.0704112e+001  2.1000000e+000
  3.1204790e+000  1.0803647e+001  2.1000000e+000
  3.0418890e+000  1.0901798e+001  2.1000000e+000
  2.9632750e+000  1.0999940e+001  2.1000000e+000
  3.0426110e+000  1.1099485e+001  2.1000000e+000
  2.9639730e+000  1.1197617e+001  2.1000000e+000
  2.9643230e+000  1.1296455e+001  2.1000000e+000
  3.0436940e+000  1.1396016e+001  2.1000000e+000
  2.9646720e+000  1.1395294e+001  2.1000000e+000
  2.8859870e+000  1.1493405e+001  2.1000000e+000
  2.8863240e+000  1.1592239e+001  2.1000000e+000
  2.9657190e+000  1.1691809e+001  2.1000000e+000
  2.9660680e+000  1.1790647e+001  2.1000000e+000
  2.8873360e+000  1.1888739e+001  2.1000000e+000
  2.8876730e+000  1.1987572e+001  2.1000000e+000
  2.8880100e+000  1.2086406e+001  2.1000000e+000
  2.8883480e+000  1.2185239e+001  2.1000000e+000
  2.8886850e+000  1.2284073e+001  2.1000000e+000
  2.8098810e+000  1.2382134e+001  2.1000000e+000
  2.8102070e+000  1.2480962e+001  2.1000000e+000
  2.8105320e+000  1.2579791e+001  2.1000000e+000
  2.8900340e+000  1.2679406e+001  2.1000000e+000
  2.8903710e+000  1.2778240e+001  2.1000000e+000
  2.9699090e+000  1.2877870e+001  2.1000000e+000
  3.0487480e+000  1.2779824e+001  2.1000000e+000
  3.1283100e+000  1.2879464e+001  2.1000000e+000
  3.1286830e+000  1.2978313e+001  2.1000000e+000
  3.1290560e+000  1.3077161e+001  2.1000000e+000
  3.1294280e+000  1.3176010e+001  2.1000000e+000
  3.1298010e+000  1.3274858e+001  2.1000000e+000
  3.1301740e+000  1.3373706e+001  2.1000000e+000
  3.1305470e+000  1.3472555e+001  2.1000000e+000
  3.1309200e+000  1.3571403e+001  2.1000000e+000
  3.1312930e+000  1.3670252e+001  2.1000000e+000
  3.1316660e+000  1.3769100e+001  2.1000000e+000
  3.1320390e+000  1.3867949e+001  2.1000000e+000
  3.2117430e+000  1.3967649e+001  2.1000000e+000
  3.1327850e+000  1.4065646e+001  2.1000000e+000
  3.2125120e+000  1.4165356e+001  2.1000000e+000
  3.1335300e+000  1.4263342e+001  2.1000000e+000
  3.1339030e+000  1.4362191e+001  2.1000000e+000
  3.1342760e+000  1.4461039e+001  2.1000000e+000
  3.1346490e+000  1.4559888e+001  2.1000000e+000
  3.1350220e+000  1.4658736e+001  2.1000000e+000
  3.1353950e+000  1.4757585e+001  2.1000000e+000
  3.0563300e+000  1.4855536e+001  2.1000000e+000
  3.1361410e+000  1.4955282e+001  2.1000000e+000
  3.0570520e+000  1.5053223e+001  2.1000000e+000
  3.1368870e+000  1.5152979e+001  2.1000000e+000
  3.1372590e+000  1.5251827e+001  2.1000000e+000
  3.1376320e+000  1.5350675e+001  2.1000000e+000
  3.1380050e+000  1.5449524e+001  2.1000000e+000
  3.1383780e+000  1.5548372e+001  2.1000000e+000
  3.1387510e+000  1.5647221e+001  2.1000000e+000
  3.1391240e+000  1.5746069e+001  2.1000000e+000
  3.0599400e+000  1.5843970e+001  2.1000000e+000
  3.1398700e+000  1.5943766e+001  2.1000000e+000
  3.1402430e+000  1.6042615e+001  2.1000000e+000
  3.1406160e+000  1.6141463e+001  2.1000000e+000
  3.1409880e+000  1.6240312e+001  2.1000000e+000
  3.0617450e+000  1.6338187e+001  2.1000000e+000
  3.0621060e+000  1.6437031e+001  2.1000000e+000
  3.1421070e+000  1.6536857e+001  2.1000000e+000
  3.0628280e+000  1.6634718e+001  2.1000000e+000
  3.1428530e+000  1.6734554e+001  2.1000000e+000
  3.0635500e+000  1.6832405e+001  2.1000000e+000
  3.0639110e+000  1.6931248e+001  2.1000000e+000
  2.9845730e+000  1.7029084e+001  2.1000000e+000
  2.9849220e+000  1.7127922e+001  2.1000000e+000
  2.9852720e+000  1.7226760e+001  2.1000000e+000
  2.9856210e+000  1.7325599e+001  2.1000000e+000
  2.9859700e+000  1.7424437e+001  2.1000000e+000
  2.9065600e+000  1.7522243e+001  2.1000000e+000
  2.9866680e+000  1.7622114e+001  2.1000000e+000
  2.9072350e+000  1.7719910e+001  2.1000000e+000
  2.9873660e+000  1.7819791e+001  2.1000000e+000
  2.9079090e+000  1.7917576e+001  2.1000000e+000
  2.9082470e+000  1.8016410e+001  2.1000000e+000
  2.9085840e+000  1.8115243e+001  2.1000000e+000
  2.9089210e+000  1.8214077e+001  2.1000000e+000
  2.9092590e+000  1.8312910e+001  2.1000000e+000
  2.8297300e+000  1.8410666e+001  2.1000000e+000
  2.8300560e+000  1.8509494e+001  2.1000000e+000
  2.8303810e+000  1.8608322e+001  2.1000000e+000
  2.8310320e+000  1.8805979e+001  2.1000000e+000
  2.6033400e+000  1.2391794e+001  2.2000000e+000
  2.6021920e+000  1.2292055e+001  2.2000000e+000
  2.8116430e+000  9.9014120e+000  2.2000000e+000
  2.8128240e+000  1.0001154e+001  2.2000000e+000
  2.8140050e+000  1.0100896e+001  2.2000000e+000
  2.7361520e+000  1.0199602e+001  2.2000000e+000
  2.7373220e+000  1.0299344e+001  2.2000000e+000
  2.7384930e+000  1.0399085e+001  2.2000000e+000
  2.8187300e+000  1.0499864e+001  2.2000000e+000
  2.8966060e+000  1.0401159e+001  2.2000000e+000
  2.8954130e+000  1.0301416e+001  2.2000000e+000
  2.8966060e+000  1.0401159e+001  2.2000000e+000
  2.8187300e+000  1.0499864e+001  2.2000000e+000
  2.8989900e+000  1.0600645e+001  2.2000000e+000
  2.8210930e+000  1.0699348e+001  2.2000000e+000
  2.9013750e+000  1.0800131e+001  2.2000000e+000
  2.8234560e+000  1.0898832e+001  2.2000000e+000
  2.7455140e+000  1.0997531e+001  2.2000000e+000
  2.8258180e+000  1.1098316e+001  2.2000000e+000
  2.8269990e+000  1.1198058e+001  2.2000000e+000
  2.7478540e+000  1.1197013e+001  2.2000000e+000
  2.6698680e+000  1.1295708e+001  2.2000000e+000
  2.7501940e+000  1.1396495e+001  2.2000000e+000
  2.6721860e+000  1.1495189e+001  2.2000000e+000
  2.6733450e+000  1.1594929e+001  2.2000000e+000
  2.5953040e+000  1.1693620e+001  2.2000000e+000
  2.6756630e+000  1.1794409e+001  2.2000000e+000
  2.6768230e+000  1.1894149e+001  2.2000000e+000
  2.7572160e+000  1.1994942e+001  2.2000000e+000
  2.6768230e+000  1.1894149e+001  2.2000000e+000
  2.5987480e+000  1.1992837e+001  2.2000000e+000
  2.5998960e+000  1.2092576e+001  2.2000000e+000
  2.6010440e+000  1.2192315e+001  2.2000000e+000
  2.6021920e+000  1.2292055e+001  2.2000000e+000
  2.6826180e+000  1.2392850e+001  2.2000000e+000
  2.6044880e+000  1.2491533e+001  2.2000000e+000
  2.6056360e+000  1.2591272e+001  2.2000000e+000
  2.6860950e+000  1.2692070e+001  2.2000000e+000
  2.7642370e+000  1.2593388e+001  2.2000000e+000
  2.6860950e+000  1.2692070e+001  2.2000000e+000
  2.7665770e+000  1.2792870e+001  2.2000000e+000
  2.8459000e+000  1.2793930e+001  2.2000000e+000
  2.9252230e+000  1.2794990e+001  2.2000000e+000
  2.9264150e+000  1.2894732e+001  2.2000000e+000
  2.9276070e+000  1.2994475e+001  2.2000000e+000
  2.9288000e+000  1.3094218e+001  2.2000000e+000
  2.8506250e+000  1.3192898e+001  2.2000000e+000
  2.8518060e+000  1.3292640e+001  2.2000000e+000
  2.9323770e+000  1.3393447e+001  2.2000000e+000
  2.9335690e+000  1.3493190e+001  2.2000000e+000
  2.9347620e+000  1.3592933e+001  2.2000000e+000
  2.9359540e+000  1.3692676e+001  2.2000000e+000
  2.9371460e+000  1.3792419e+001  2.2000000e+000
  2.9383390e+000  1.3892162e+001  2.2000000e+000
  2.9395310e+000  1.3991905e+001  2.2000000e+000
  2.9407230e+000  1.4091648e+001  2.2000000e+000
  2.8624380e+000  1.4190318e+001  2.2000000e+000
  2.8636190e+000  1.4290060e+001  2.2000000e+000
  2.8648000e+000  1.4389802e+001  2.2000000e+000
  2.9454930e+000  1.4490619e+001  2.2000000e+000
  2.8671630e+000  1.4589286e+001  2.2000000e+000
  2.8683440e+000  1.4689028e+001  2.2000000e+000
  2.8695260e+000  1.4788770e+001  2.2000000e+000
  2.8707070e+000  1.4888512e+001  2.2000000e+000
  2.7923210e+000  1.4987173e+001  2.2000000e+000
  2.8730690e+000  1.5087996e+001  2.2000000e+000
  2.8742510e+000  1.5187738e+001  2.2000000e+000
  2.8754320e+000  1.5287480e+001  2.2000000e+000
  2.8766130e+000  1.5387222e+001  2.2000000e+000
  2.8777940e+000  1.5486964e+001  2.2000000e+000
  2.7993420e+000  1.5585620e+001  2.2000000e+000
  2.8801570e+000  1.5686448e+001  2.2000000e+000
  2.8813380e+000  1.5786190e+001  2.2000000e+000
  2.8825200e+000  1.5885932e+001  2.2000000e+000
  2.8837010e+000  1.5985674e+001  2.2000000e+000
  2.8848820e+000  1.6085416e+001  2.2000000e+000
  2.8860640e+000  1.6185158e+001  2.2000000e+000
  2.8872450e+000  1.6284900e+001  2.2000000e+000
  2.9681480e+000  1.6385735e+001  2.2000000e+000
  2.8872450e+000  1.6284900e+001  2.2000000e+000
  2.8087040e+000  1.6383548e+001  2.2000000e+000
  2.8098740e+000  1.6483289e+001  2.2000000e+000
  2.8907890e+000  1.6584126e+001  2.2000000e+000
  2.9705330e+000  1.6585221e+001  2.2000000e+000
  2.8919700e+000  1.6683868e+001  2.2000000e+000
  2.8931510e+000  1.6783610e+001  2.2000000e+000
  2.8145550e+000  1.6882254e+001  2.2000000e+000
  2.8955140e+000  1.6983094e+001  2.2000000e+000
  2.8168950e+000  1.7081736e+001  2.2000000e+000
  2.8180660e+000  1.7181477e+001  2.2000000e+000
  2.8192360e+000  1.7281218e+001  2.2000000e+000
  2.7405730e+000  1.7379856e+001  2.2000000e+000
  2.8215760e+000  1.7480700e+001  2.2000000e+000
  2.7417320e+000  1.7479596e+001  2.2000000e+000
  2.6630360e+000  1.7578232e+001  2.2000000e+000
  2.7440510e+000  1.7679076e+001  2.2000000e+000
  2.7452100e+000  1.7778817e+001  2.2000000e+000
  2.6664800e+000  1.7877449e+001  2.2000000e+000
  2.6676280e+000  1.7977188e+001  2.2000000e+000
  2.6687760e+000  1.8076928e+001  2.2000000e+000
  2.6699240e+000  1.8176667e+001  2.2000000e+000
  2.6710720e+000  1.8276406e+001  2.2000000e+000
  2.5922770e+000  1.8375033e+001  2.2000000e+000
  2.6733680e+000  1.8475884e+001  2.2000000e+000
  2.5945510e+000  1.8574509e+001  2.2000000e+000
  2.5956870e+000  1.8674248e+001  2.2000000e+000
  2.5968240e+000  1.8773986e+001  2.2000000e+000
  2.8900370e+000  1.0037709e+001  2.3000000e+000
  2.8896480e+000  1.0140335e+001  2.3000000e+000
  2.8892600e+000  1.0242962e+001  2.3000000e+000
  2.9676450e+000  1.0345520e+001  2.3000000e+000
  3.0467850e+000  1.0242826e+001  2.3000000e+000
  2.9676450e+000  1.0345520e+001  2.3000000e+000
  2.8884830e+000  1.0448214e+001  2.3000000e+000
  2.9668890e+000  1.0550771e+001  2.3000000e+000
  3.0456840e+000  1.0550702e+001  2.3000000e+000
  2.9665110e+000  1.0653397e+001  2.3000000e+000
  2.9661340e+000  1.0756023e+001  2.3000000e+000
  2.9657560e+000  1.0858649e+001  2.3000000e+000
  2.9653780e+000  1.0961274e+001  2.3000000e+000
  2.9650000e+000  1.1063900e+001  2.3000000e+000
  2.8865410e+000  1.0961345e+001  2.3000000e+000
  2.8077040e+000  1.0961415e+001  2.3000000e+000
  2.8069050e+000  1.1166668e+001  2.3000000e+000
  2.8065060e+000  1.1269295e+001  2.3000000e+000
  2.8849870e+000  1.1371849e+001  2.3000000e+000
  2.8057080e+000  1.1474548e+001  2.3000000e+000
  2.8053090e+000  1.1577174e+001  2.3000000e+000
  2.8838220e+000  1.1679728e+001  2.3000000e+000
  2.8045110e+000  1.1782427e+001  2.3000000e+000
  2.8041120e+000  1.1885054e+001  2.3000000e+000
  2.8037130e+000  1.1987680e+001  2.3000000e+000
  2.8033130e+000  1.2090307e+001  2.3000000e+000
  2.8029140e+000  1.2192933e+001  2.3000000e+000
  2.8025150e+000  1.2295560e+001  2.3000000e+000
  2.8021160e+000  1.2398186e+001  2.3000000e+000
  2.8013180e+000  1.2603439e+001  2.3000000e+000
  2.8799380e+000  1.2705989e+001  2.3000000e+000
  2.9589560e+000  1.2705912e+001  2.3000000e+000
  2.8795490e+000  1.2808615e+001  2.3000000e+000
  2.9582010e+000  1.2911164e+001  2.3000000e+000
  3.0368740e+000  1.3013712e+001  2.3000000e+000
  3.0365070e+000  1.3116337e+001  2.3000000e+000
  3.0361390e+000  1.3218963e+001  2.3000000e+000
  3.0357720e+000  1.3321588e+001  2.3000000e+000
  3.0354050e+000  1.3424213e+001  2.3000000e+000
  3.0350380e+000  1.3526839e+001  2.3000000e+000
  3.0346710e+000  1.3629464e+001  2.3000000e+000
  3.0343040e+000  1.3732090e+001  2.3000000e+000
  3.0339370e+000  1.3834715e+001  2.3000000e+000
  3.0335700e+000  1.3937340e+001  2.3000000e+000
  3.0332030e+000  1.4039966e+001  2.3000000e+000
  3.0328360e+000  1.4142591e+001  2.3000000e+000
  3.0324690e+000  1.4245216e+001  2.3000000e+000
  3.0321020e+000  1.4347842e+001  2.3000000e+000
  2.9525340e+000  1.4450550e+001  2.3000000e+000
  2.9521570e+000  1.4553176e+001  2.3000000e+000
  3.0310000e+000  1.4655718e+001  2.3000000e+000
  2.9514010e+000  1.4758428e+001  2.3000000e+000
  3.0302660e+000  1.4860969e+001  2.3000000e+000
  3.0298990e+000  1.4963594e+001  2.3000000e+000
  2.9502680e+000  1.5066305e+001  2.3000000e+000
  2.9498900e+000  1.5168931e+001  2.3000000e+000
  2.9495120e+000  1.5271557e+001  2.3000000e+000
  2.9491350e+000  1.5374182e+001  2.3000000e+000
  2.8694500e+000  1.5476895e+001  2.3000000e+000
  2.9483790e+000  1.5579434e+001  2.3000000e+000
  2.9480010e+000  1.5682060e+001  2.3000000e+000
  2.8682850e+000  1.5784774e+001  2.3000000e+000
  2.9472460e+000  1.5887311e+001  2.3000000e+000
  2.9468680e+000  1.5989937e+001  2.3000000e+000
  2.9464900e+000  1.6092563e+001  2.3000000e+000
  2.8667310e+000  1.6195278e+001  2.3000000e+000
  2.9457350e+000  1.6297814e+001  2.3000000e+000
  3.0247600e+000  1.6400350e+001  2.3000000e+000
  2.9453570e+000  1.6400440e+001  2.3000000e+000
  2.8655660e+000  1.6503157e+001  2.3000000e+000
  2.8651770e+000  1.6605783e+001  2.3000000e+000
  2.9442240e+000  1.6708317e+001  2.3000000e+000
  2.9438460e+000  1.6810943e+001  2.3000000e+000
  2.8640120e+000  1.6913661e+001  2.3000000e+000
  2.8636240e+000  1.7016287e+001  2.3000000e+000
  2.8632350e+000  1.7118913e+001  2.3000000e+000
  2.8628470e+000  1.7221540e+001  2.3000000e+000
  2.8624580e+000  1.7324166e+001  2.3000000e+000
  2.8620700e+000  1.7426792e+001  2.3000000e+000
  2.8616810e+000  1.7529418e+001  2.3000000e+000
  2.7817620e+000  1.7632139e+001  2.3000000e+000
  2.7813630e+000  1.7734766e+001  2.3000000e+000
  2.7014110e+000  1.7837488e+001  2.3000000e+000
  2.7010020e+000  1.7940115e+001  2.3000000e+000
  2.7801650e+000  1.8042645e+001  2.3000000e+000
  2.7001820e+000  1.8145368e+001  2.3000000e+000
  2.6997720e+000  1.8247995e+001  2.3000000e+000
  2.6993620e+000  1.8350622e+001  2.3000000e+000
  2.6193360e+000  1.8453347e+001  2.3000000e+000
  2.6189160e+000  1.8555974e+001  2.3000000e+000
  2.6184950e+000  1.8658602e+001  2.3000000e+000
  2.5384270e+000  1.8761328e+001  2.3000000e+000
  2.5379950e+000  1.8863956e+001  2.3000000e+000
  2.5375640e+000  1.8966583e+001  2.3000000e+000
  2.9199240e+000  1.0287921e+001  2.4000000e+000
  2.9187980e+000  1.0388083e+001  2.4000000e+000
  2.9176720e+000  1.0488244e+001  2.4000000e+000
  2.9165460e+000  1.0588406e+001  2.4000000e+000
  2.8363330e+000  1.0688398e+001  2.4000000e+000
  2.9142940e+000  1.0788729e+001  2.4000000e+000
  2.8340590e+000  1.0888703e+001  2.4000000e+000
  2.8329210e+000  1.0988856e+001  2.4000000e+000
  2.7526520e+000  1.1088803e+001  2.4000000e+000
  2.7515030e+000  1.1188946e+001  2.4000000e+000
  2.7503540e+000  1.1289090e+001  2.4000000e+000
  2.7492060e+000  1.1389234e+001  2.4000000e+000
  2.6688800e+000  1.1489135e+001  2.4000000e+000
  2.7469080e+000  1.1589521e+001  2.4000000e+000
  2.7457600e+000  1.1689664e+001  2.4000000e+000
  2.7446110e+000  1.1789808e+001  2.4000000e+000
  2.7434620e+000  1.1889952e+001  2.4000000e+000
  2.6630790e+000  1.1989808e+001  2.4000000e+000
  2.6619190e+000  1.2089943e+001  2.4000000e+000
  2.7400160e+000  1.2190382e+001  2.4000000e+000
  2.7388670e+000  1.2290526e+001  2.4000000e+000
  2.7377180e+000  1.2390670e+001  2.4000000e+000
  2.8158600e+000  1.2491145e+001  2.4000000e+000
  2.8940250e+000  1.2591639e+001  2.4000000e+000
  2.8928990e+000  1.2691800e+001  2.4000000e+000
  2.8917730e+000  1.2791962e+001  2.4000000e+000
  2.9699830e+000  1.2892492e+001  2.4000000e+000
  2.8895210e+000  1.2992285e+001  2.4000000e+000
  2.9677530e+000  1.3092833e+001  2.4000000e+000
  2.8872680e+000  1.3192609e+001  2.4000000e+000
  2.8861420e+000  1.3292770e+001  2.4000000e+000
  2.8850160e+000  1.3392932e+001  2.4000000e+000
  2.8838900e+000  1.3493094e+001  2.4000000e+000
  2.8827640e+000  1.3593255e+001  2.4000000e+000
  2.8816380e+000  1.3693417e+001  2.4000000e+000
  2.8805120e+000  1.3793579e+001  2.4000000e+000
  2.8793860e+000  1.3893740e+001  2.4000000e+000
  2.8782600e+000  1.3993902e+001  2.4000000e+000
  2.8771340e+000  1.4094064e+001  2.4000000e+000
  2.8760080e+000  1.4194225e+001  2.4000000e+000
  2.8748820e+000  1.4294387e+001  2.4000000e+000
  2.7942500e+000  1.4394045e+001  2.4000000e+000
  2.8726290e+000  1.4494710e+001  2.4000000e+000
  2.8715040e+000  1.4594872e+001  2.4000000e+000
  2.7908380e+000  1.4694503e+001  2.4000000e+000
  2.7897000e+000  1.4794656e+001  2.4000000e+000
  2.7885630e+000  1.4894808e+001  2.4000000e+000
  2.7874250e+000  1.4994961e+001  2.4000000e+000
  2.7862880e+000  1.5095114e+001  2.4000000e+000
  2.7851510e+000  1.5195266e+001  2.4000000e+000
  2.7840130e+000  1.5295419e+001  2.4000000e+000
  2.7828760e+000  1.5395572e+001  2.4000000e+000
  2.7817380e+000  1.5495724e+001  2.4000000e+000
  2.7806010e+000  1.5595877e+001  2.4000000e+000
  2.7794640e+000  1.5696029e+001  2.4000000e+000
  2.7783260e+000  1.5796182e+001  2.4000000e+000
  2.7771890e+000  1.5896335e+001  2.4000000e+000
  2.7760510e+000  1.5996487e+001  2.4000000e+000
  2.7749140e+000  1.6096640e+001  2.4000000e+000
  2.7737770e+000  1.6196793e+001  2.4000000e+000
  2.6929180e+000  1.6296271e+001  2.4000000e+000
  2.7715020e+000  1.6397098e+001  2.4000000e+000
  2.8512340e+000  1.6397782e+001  2.4000000e+000
  2.7715020e+000  1.6397098e+001  2.4000000e+000
  2.6906210e+000  1.6496558e+001  2.4000000e+000
  2.7692270e+000  1.6597403e+001  2.4000000e+000
  2.7680900e+000  1.6697556e+001  2.4000000e+000
  2.7669520e+000  1.6797708e+001  2.4000000e+000
  2.6860260e+000  1.6897132e+001  2.4000000e+000
  2.6848770e+000  1.6997276e+001  2.4000000e+000
  2.6837290e+000  1.7097420e+001  2.4000000e+000
  2.6027570e+000  1.7196807e+001  2.4000000e+000
  2.6015970e+000  1.7296942e+001  2.4000000e+000
  2.6004370e+000  1.7397076e+001  2.4000000e+000
  2.5992770e+000  1.7497211e+001  2.4000000e+000
  2.5981170e+000  1.7597346e+001  2.4000000e+000
  2.5969570e+000  1.7697480e+001  2.4000000e+000
  2.5159060e+000  1.7796805e+001  2.4000000e+000
  2.5147340e+000  1.7896931e+001  2.4000000e+000
  2.5135630e+000  1.7997056e+001  2.4000000e+000
  2.5123910e+000  1.8097182e+001  2.4000000e+000
  2.4312840e+000  1.8196461e+001  2.4000000e+000
  2.4301010e+000  1.8296578e+001  2.4000000e+000
  2.4289180e+000  1.8396694e+001  2.4000000e+000
  2.4277360e+000  1.8496811e+001  2.4000000e+000
  2.3465710e+000  1.8596045e+001  2.4000000e+000
  2.3453770e+000  1.8696153e+001  2.4000000e+000
  2.3441830e+000  1.8796260e+001  2.4000000e+000
  2.3429890e+000  1.8896368e+001  2.4000000e+000
  2.8650340e+000  1.1806751e+001  2.5000000e+000
  2.8642710e+000  1.1707749e+001  2.5000000e+000
  2.9417320e+000  1.1610196e+001  2.5000000e+000
  2.8627450e+000  1.1509744e+001  2.5000000e+000
  3.0066210e+000  9.9284950e+000  2.5000000e+000
  3.0846600e+000  9.9298910e+000  2.5000000e+000
  3.0074060e+000  1.0027504e+001  2.5000000e+000
  3.0089740e+000  1.0225522e+001  2.5000000e+000
  3.0097590e+000  1.0324531e+001  2.5000000e+000
  3.0886360e+000  1.0424952e+001  2.5000000e+000
  3.0113280e+000  1.0522549e+001  2.5000000e+000
  3.0121120e+000  1.0621557e+001  2.5000000e+000
  3.0910220e+000  1.0721988e+001  2.5000000e+000
  3.0128960e+000  1.0720566e+001  2.5000000e+000
  2.9355440e+000  1.0818150e+001  2.5000000e+000
  3.0144650e+000  1.0918584e+001  2.5000000e+000
  2.9370910e+000  1.1016162e+001  2.5000000e+000
  2.9378640e+000  1.1115168e+001  2.5000000e+000
  2.9386380e+000  1.1214173e+001  2.5000000e+000
  2.9394110e+000  1.1313179e+001  2.5000000e+000
  2.9401850e+000  1.1412185e+001  2.5000000e+000
  2.9409580e+000  1.1511191e+001  2.5000000e+000
  2.9417320e+000  1.1610196e+001  2.5000000e+000
  2.8642710e+000  1.1707749e+001  2.5000000e+000
  2.9432790e+000  1.1808208e+001  2.5000000e+000
  2.8657960e+000  1.1905754e+001  2.5000000e+000
  2.8665590e+000  1.2004757e+001  2.5000000e+000
  2.7890430e+000  1.2102293e+001  2.5000000e+000
  2.7897950e+000  1.2201293e+001  2.5000000e+000
  2.7905470e+000  1.2300292e+001  2.5000000e+000
  2.8696090e+000  1.2400767e+001  2.5000000e+000
  2.8703720e+000  1.2499769e+001  2.5000000e+000
  2.9494670e+000  1.2600254e+001  2.5000000e+000
  2.8711350e+000  1.2598772e+001  2.5000000e+000
  2.7928020e+000  1.2597290e+001  2.5000000e+000
  2.7943060e+000  1.2795289e+001  2.5000000e+000
  2.8726600e+000  1.2796777e+001  2.5000000e+000
  2.9510140e+000  1.2798265e+001  2.5000000e+000
  3.0301530e+000  1.2898762e+001  2.5000000e+000
  3.1876890e+000  1.3000760e+001  2.5000000e+000
  3.1109030e+000  1.3197290e+001  2.5000000e+000
  3.1116990e+000  1.3296302e+001  2.5000000e+000
  3.1124940e+000  1.3395314e+001  2.5000000e+000
  3.1917190e+000  1.3495836e+001  2.5000000e+000
  3.1140840e+000  1.3593338e+001  2.5000000e+000
  3.1148800e+000  1.3692350e+001  2.5000000e+000
  3.1156750e+000  1.3791362e+001  2.5000000e+000
  3.1164700e+000  1.3890374e+001  2.5000000e+000
  3.1172650e+000  1.3989386e+001  2.5000000e+000
  3.1180610e+000  1.4088399e+001  2.5000000e+000
  3.1188560e+000  1.4187411e+001  2.5000000e+000
  3.1196510e+000  1.4286423e+001  2.5000000e+000
  3.1204460e+000  1.4385435e+001  2.5000000e+000
  3.1212420e+000  1.4484447e+001  2.5000000e+000
  3.1220370e+000  1.4583459e+001  2.5000000e+000
  3.1228320e+000  1.4682471e+001  2.5000000e+000
  3.1236270e+000  1.4781483e+001  2.5000000e+000
  3.1244230e+000  1.4880495e+001  2.5000000e+000
  3.0466250e+000  1.4977950e+001  2.5000000e+000
  3.1260130e+000  1.5078519e+001  2.5000000e+000
  3.1268080e+000  1.5177531e+001  2.5000000e+000
  3.1276040e+000  1.5276543e+001  2.5000000e+000
  3.1283990e+000  1.5375556e+001  2.5000000e+000
  3.1291940e+000  1.5474568e+001  2.5000000e+000
  3.1299890e+000  1.5573580e+001  2.5000000e+000
  3.0521150e+000  1.5671012e+001  2.5000000e+000
  3.1315800e+000  1.5771604e+001  2.5000000e+000
  3.1323750e+000  1.5870616e+001  2.5000000e+000
  3.1331700e+000  1.5969628e+001  2.5000000e+000
  3.1339660e+000  1.6068640e+001  2.5000000e+000
  3.1347610e+000  1.6167652e+001  2.5000000e+000
  3.0568220e+000  1.6265065e+001  2.5000000e+000
  3.0576060e+000  1.6364074e+001  2.5000000e+000
  3.0583900e+000  1.6463083e+001  2.5000000e+000
  3.0591750e+000  1.6562092e+001  2.5000000e+000
  3.0599590e+000  1.6661101e+001  2.5000000e+000
  3.0607440e+000  1.6760110e+001  2.5000000e+000
  3.0615280e+000  1.6859119e+001  2.5000000e+000
  2.9835020e+000  1.6956507e+001  2.5000000e+000
  2.9842760e+000  1.7055512e+001  2.5000000e+000
  2.9850490e+000  1.7154518e+001  2.5000000e+000
  2.9858230e+000  1.7253524e+001  2.5000000e+000
  2.9865960e+000  1.7352530e+001  2.5000000e+000
  2.9085050e+000  1.7449899e+001  2.5000000e+000
  2.9092680e+000  1.7548901e+001  2.5000000e+000
  2.8311440e+000  1.7646261e+001  2.5000000e+000
  2.9107930e+000  1.7746906e+001  2.5000000e+000
  2.9115560e+000  1.7845909e+001  2.5000000e+000
  2.8334000e+000  1.7943259e+001  2.5000000e+000
  2.8341510e+000  1.8042258e+001  2.5000000e+000
  2.7559630e+000  1.8139599e+001  2.5000000e+000
  2.7567040e+000  1.8238595e+001  2.5000000e+000
  2.7574450e+000  1.8337591e+001  2.5000000e+000
  2.7581850e+000  1.8436588e+001  2.5000000e+000
  2.7596670e+000  1.8634580e+001  2.5000000e+000
  2.8893050e+000  1.0456500e+001  2.6000000e+000
  2.9675330e+000  1.0353399e+001  2.6000000e+000
  2.8878160e+000  1.0251088e+001  2.6000000e+000
  2.8870720e+000  1.0148381e+001  2.6000000e+000
  2.8863270e+000  1.0045675e+001  2.6000000e+000
  2.9645190e+000  9.9425730e+000  2.6000000e+000
  2.9652720e+000  1.0045280e+001  2.6000000e+000
  2.8870720e+000  1.0148381e+001  2.6000000e+000
  2.8878160e+000  1.0251088e+001  2.6000000e+000
  2.9675330e+000  1.0353399e+001  2.6000000e+000
  2.8893050e+000  1.0456500e+001  2.6000000e+000
  2.8900500e+000  1.0559206e+001  2.6000000e+000
  2.9697940e+000  1.0661518e+001  2.6000000e+000
  2.8907950e+000  1.0661912e+001  2.6000000e+000
  2.8922840e+000  1.0867325e+001  2.6000000e+000
  2.8930290e+000  1.0970031e+001  2.6000000e+000
  2.8937730e+000  1.1072737e+001  2.6000000e+000
  2.8952620e+000  1.1278150e+001  2.6000000e+000
  2.8169450e+000  1.1381249e+001  2.6000000e+000
  2.8176800e+000  1.1483955e+001  2.6000000e+000
  2.8184160e+000  1.1586661e+001  2.6000000e+000
  2.8191510e+000  1.1689367e+001  2.6000000e+000
  2.8198870e+000  1.1792073e+001  2.6000000e+000
  2.8206230e+000  1.1894779e+001  2.6000000e+000
  2.7422420e+000  1.1997877e+001  2.6000000e+000
  2.7429680e+000  1.2100583e+001  2.6000000e+000
  2.7444220e+000  1.2305995e+001  2.6000000e+000
  2.7458750e+000  1.2511407e+001  2.6000000e+000
  2.7466010e+000  1.2614112e+001  2.6000000e+000
  2.8265080e+000  1.2716427e+001  2.6000000e+000
  2.9049430e+000  1.2613331e+001  2.6000000e+000
  2.9056870e+000  1.2716037e+001  2.6000000e+000
  2.9856200e+000  1.2818352e+001  2.6000000e+000
  2.9056870e+000  1.2716037e+001  2.6000000e+000
  2.8272430e+000  1.2819134e+001  2.6000000e+000
  2.8279790e+000  1.2921840e+001  2.6000000e+000
  2.9079210e+000  1.3024155e+001  2.6000000e+000
  2.9871280e+000  1.3023765e+001  2.6000000e+000
  2.9086660e+000  1.3126862e+001  2.6000000e+000
  2.9094100e+000  1.3229568e+001  2.6000000e+000
  2.9893890e+000  1.3331884e+001  2.6000000e+000
  2.9901420e+000  1.3434591e+001  2.6000000e+000
  2.9116440e+000  1.3537686e+001  2.6000000e+000
  2.9916490e+000  1.3640004e+001  2.6000000e+000
  2.9131330e+000  1.3743099e+001  2.6000000e+000
  2.9138780e+000  1.3845805e+001  2.6000000e+000
  2.9939100e+000  1.3948123e+001  2.6000000e+000
  2.9946640e+000  1.4050829e+001  2.6000000e+000
  2.9954180e+000  1.4153536e+001  2.6000000e+000
  2.9961710e+000  1.4256242e+001  2.6000000e+000
  2.9969250e+000  1.4358948e+001  2.6000000e+000
  2.9976790e+000  1.4461655e+001  2.6000000e+000
  2.9984320e+000  1.4564361e+001  2.6000000e+000
  2.9198350e+000  1.4667455e+001  2.6000000e+000
  2.9205800e+000  1.4770161e+001  2.6000000e+000
  3.0006930e+000  1.4872480e+001  2.6000000e+000
  2.9220690e+000  1.4975573e+001  2.6000000e+000
  2.9228130e+000  1.5078280e+001  2.6000000e+000
  2.9235580e+000  1.5180986e+001  2.6000000e+000
  3.0037080e+000  1.5283306e+001  2.6000000e+000
  3.0044610e+000  1.5386012e+001  2.6000000e+000
  3.0052150e+000  1.5488719e+001  2.6000000e+000
  3.0059680e+000  1.5591425e+001  2.6000000e+000
  2.9272810e+000  1.5694517e+001  2.6000000e+000
  2.9280260e+000  1.5797223e+001  2.6000000e+000
  2.9287700e+000  1.5899929e+001  2.6000000e+000
  2.9295150e+000  1.6002636e+001  2.6000000e+000
  2.9302600e+000  1.6105342e+001  2.6000000e+000
  2.9310040e+000  1.6208048e+001  2.6000000e+000
  2.9317490e+000  1.6310754e+001  2.6000000e+000
  2.9324930e+000  1.6413460e+001  2.6000000e+000
  2.9332380e+000  1.6516167e+001  2.6000000e+000
  2.9339830e+000  1.6618873e+001  2.6000000e+000
  2.9347270e+000  1.6721579e+001  2.6000000e+000
  2.9354720e+000  1.6824285e+001  2.6000000e+000
  2.8566670e+000  1.6927375e+001  2.6000000e+000
  2.8574030e+000  1.7030081e+001  2.6000000e+000
  2.8581380e+000  1.7132787e+001  2.6000000e+000
  2.8588740e+000  1.7235493e+001  2.6000000e+000
  2.8596100e+000  1.7338199e+001  2.6000000e+000
  2.8603450e+000  1.7440905e+001  2.6000000e+000
  2.8610810e+000  1.7543611e+001  2.6000000e+000
  2.7822040e+000  1.7646699e+001  2.6000000e+000
  2.7829310e+000  1.7749404e+001  2.6000000e+000
  2.7836570e+000  1.7852110e+001  2.6000000e+000
  2.7843840e+000  1.7954816e+001  2.6000000e+000
  2.7054620e+000  1.8057903e+001  2.6000000e+000
  2.7061800e+000  1.8160609e+001  2.6000000e+000
  2.7068970e+000  1.8263314e+001  2.6000000e+000
  2.6279400e+000  1.8366400e+001  2.6000000e+000
  2.6286480e+000  1.8469106e+001  2.6000000e+000
  2.6293570e+000  1.8571811e+001  2.6000000e+000
  2.5503630e+000  1.8674897e+001  2.6000000e+000
  2.5510620e+000  1.8777602e+001  2.6000000e+000
  2.5517620e+000  1.8880307e+001  2.6000000e+000
  2.5524610e+000  1.8983013e+001  2.6000000e+000
  2.5586580e+000  1.2544037e+001  2.7000000e+000
  2.6886120e+000  1.0663301e+001  2.7000000e+000
  2.6886120e+000  1.0663301e+001  2.7000000e+000
  2.6901270e+000  1.0762470e+001  2.7000000e+000
  2.6155000e+000  1.1058379e+001  2.7000000e+000
  2.6931550e+000  1.0960810e+001  2.7000000e+000
  2.6946690e+000  1.1059980e+001  2.7000000e+000
  2.6961840e+000  1.1159150e+001  2.7000000e+000
  2.6170010e+000  1.1157540e+001  2.7000000e+000
  2.6155000e+000  1.1058379e+001  2.7000000e+000
  2.5407960e+000  1.1354231e+001  2.7000000e+000
  2.6200040e+000  1.1355860e+001  2.7000000e+000
  2.6215050e+000  1.1455020e+001  2.7000000e+000
  2.5437730e+000  1.1552532e+001  2.7000000e+000
  2.6245080e+000  1.1653341e+001  2.7000000e+000
  2.7052690e+000  1.1754169e+001  2.7000000e+000
  2.6245080e+000  1.1653341e+001  2.7000000e+000
  2.5467500e+000  1.1750833e+001  2.7000000e+000
  2.5482390e+000  1.1849983e+001  2.7000000e+000
  2.5497270e+000  1.1949134e+001  2.7000000e+000
  2.5512160e+000  1.2048284e+001  2.7000000e+000
  2.5527040e+000  1.2147435e+001  2.7000000e+000
  2.5571690e+000  1.2444887e+001  2.7000000e+000
  2.6350180e+000  1.2347462e+001  2.7000000e+000
  2.5571690e+000  1.2444887e+001  2.7000000e+000
  2.6380210e+000  1.2545782e+001  2.7000000e+000
  2.7173830e+000  1.2547528e+001  2.7000000e+000
  2.7982730e+000  1.2648452e+001  2.7000000e+000
  2.7173830e+000  1.2547528e+001  2.7000000e+000
  2.6395220e+000  1.2644943e+001  2.7000000e+000
  2.6410230e+000  1.2744103e+001  2.7000000e+000
  2.7219260e+000  1.2845037e+001  2.7000000e+000
  2.7234400e+000  1.2944207e+001  2.7000000e+000
  2.7249540e+000  1.3043377e+001  2.7000000e+000
  2.8059080e+000  1.3144350e+001  2.7000000e+000
  2.8074350e+000  1.3243529e+001  2.7000000e+000
  2.8884280e+000  1.3344531e+001  2.7000000e+000
  2.8899680e+000  1.3443720e+001  2.7000000e+000
  2.8120170e+000  1.3541068e+001  2.7000000e+000
  2.8135440e+000  1.3640247e+001  2.7000000e+000
  2.7355540e+000  1.3737566e+001  2.7000000e+000
  2.7370680e+000  1.3836736e+001  2.7000000e+000
  2.8181250e+000  1.3937786e+001  2.7000000e+000
  2.8196520e+000  1.4036965e+001  2.7000000e+000
  2.8211800e+000  1.4136145e+001  2.7000000e+000
  2.7431250e+000  1.4233415e+001  2.7000000e+000
  2.8242340e+000  1.4334504e+001  2.7000000e+000
  2.8257610e+000  1.4433683e+001  2.7000000e+000
  2.8272880e+000  1.4532863e+001  2.7000000e+000
  2.8288150e+000  1.4632042e+001  2.7000000e+000
  2.8303420e+000  1.4731222e+001  2.7000000e+000
  2.7522110e+000  1.4828434e+001  2.7000000e+000
  2.7537250e+000  1.4927604e+001  2.7000000e+000
  2.7552390e+000  1.5026774e+001  2.7000000e+000
  2.8364510e+000  1.5127940e+001  2.7000000e+000
  2.7582680e+000  1.5225113e+001  2.7000000e+000
  2.8395050e+000  1.5326298e+001  2.7000000e+000
  2.8410320e+000  1.5425478e+001  2.7000000e+000
  2.7628100e+000  1.5522623e+001  2.7000000e+000
  2.8440860e+000  1.5623837e+001  2.7000000e+000
  2.8456130e+000  1.5723016e+001  2.7000000e+000
  2.8471410e+000  1.5822196e+001  2.7000000e+000
  2.8486680e+000  1.5921375e+001  2.7000000e+000
  2.8501950e+000  1.6020555e+001  2.7000000e+000
  2.8517220e+000  1.6119734e+001  2.7000000e+000
  2.7734100e+000  1.6216812e+001  2.7000000e+000
  2.7749240e+000  1.6315982e+001  2.7000000e+000
  2.7764380e+000  1.6415152e+001  2.7000000e+000
  2.7779530e+000  1.6514321e+001  2.7000000e+000
  2.7794670e+000  1.6613491e+001  2.7000000e+000
  2.7809810e+000  1.6712661e+001  2.7000000e+000
  2.7824960e+000  1.6811831e+001  2.7000000e+000
  2.7840100e+000  1.6911001e+001  2.7000000e+000
  2.7055820e+000  1.7007992e+001  2.7000000e+000
  2.7070830e+000  1.7107152e+001  2.7000000e+000
  2.6286170e+000  1.7204114e+001  2.7000000e+000
  2.7100860e+000  1.7305472e+001  2.7000000e+000
  2.7115870e+000  1.7404632e+001  2.7000000e+000
  2.6330820e+000  1.7501565e+001  2.7000000e+000
  2.6345710e+000  1.7600716e+001  2.7000000e+000
  2.6360590e+000  1.7699866e+001  2.7000000e+000
  2.5575030e+000  1.7796761e+001  2.7000000e+000
  2.5589780e+000  1.7895902e+001  2.7000000e+000
  2.5604540e+000  1.7995042e+001  2.7000000e+000
  2.4818460e+000  1.8091898e+001  2.7000000e+000
  2.4833090e+000  1.8191029e+001  2.7000000e+000
  2.4847710e+000  1.8290161e+001  2.7000000e+000
  2.4061120e+000  1.8386978e+001  2.7000000e+000
  2.4876970e+000  1.8488423e+001  2.7000000e+000
  2.4090120e+000  1.8585221e+001  2.7000000e+000
  2.4104610e+000  1.8684343e+001  2.7000000e+000
  2.4119110e+000  1.8783464e+001  2.7000000e+000
  2.4133610e+000  1.8882586e+001  2.7000000e+000
  2.4148110e+000  1.8981708e+001  2.7000000e+000
  2.4524860e+000  1.2208923e+001  2.8000000e+000
  2.4513430e+000  1.2110438e+001  2.8000000e+000
  2.4502000e+000  1.2011952e+001  2.8000000e+000
  2.5232080e+000  1.1520349e+001  2.8000000e+000
  2.5243560e+000  1.1618842e+001  2.8000000e+000
  2.5255040e+000  1.1717334e+001  2.8000000e+000
  2.4490570e+000  1.1913467e+001  2.8000000e+000
  2.5278010e+000  1.1914318e+001  2.8000000e+000
  2.5289490e+000  1.2012810e+001  2.8000000e+000
  2.4513430e+000  1.2110438e+001  2.8000000e+000
  2.4524860e+000  1.2208923e+001  2.8000000e+000
  2.4536280e+000  1.2307409e+001  2.8000000e+000
  2.4547710e+000  1.2405894e+001  2.8000000e+000
  2.4559140e+000  1.2504380e+001  2.8000000e+000
  2.4570560e+000  1.2602865e+001  2.8000000e+000
  2.4581990e+000  1.2701351e+001  2.8000000e+000
  2.5381340e+000  1.2800748e+001  2.8000000e+000
  2.5392820e+000  1.2899241e+001  2.8000000e+000
  2.6192330e+000  1.2998659e+001  2.8000000e+000
  2.6991950e+000  1.3098090e+001  2.8000000e+000
  2.6215400e+000  1.3195657e+001  2.8000000e+000
  2.6226940e+000  1.3294156e+001  2.8000000e+000
  2.6238470e+000  1.3392655e+001  2.8000000e+000
  2.5461710e+000  1.3490194e+001  2.8000000e+000
  2.6261550e+000  1.3589653e+001  2.8000000e+000
  2.6273080e+000  1.3688152e+001  2.8000000e+000
  2.7073080e+000  1.3787630e+001  2.8000000e+000
  2.6296150e+000  1.3885150e+001  2.8000000e+000
  2.6307690e+000  1.3983649e+001  2.8000000e+000
  2.6319220e+000  1.4082148e+001  2.8000000e+000
  2.6330760e+000  1.4180647e+001  2.8000000e+000
  2.6342300e+000  1.4279146e+001  2.8000000e+000
  2.7142620e+000  1.4378665e+001  2.8000000e+000
  2.6365370e+000  1.4476144e+001  2.8000000e+000
  2.6376900e+000  1.4574643e+001  2.8000000e+000
  2.6388440e+000  1.4673142e+001  2.8000000e+000
  2.6399980e+000  1.4771641e+001  2.8000000e+000
  2.6411510e+000  1.4870140e+001  2.8000000e+000
  2.6423050e+000  1.4968639e+001  2.8000000e+000
  2.6434580e+000  1.5067138e+001  2.8000000e+000
  2.6446120e+000  1.5165637e+001  2.8000000e+000
  2.6457650e+000  1.5264136e+001  2.8000000e+000
  2.6469190e+000  1.5362635e+001  2.8000000e+000
  2.6480730e+000  1.5461134e+001  2.8000000e+000
  2.6492260e+000  1.5559633e+001  2.8000000e+000
  2.6503800e+000  1.5658132e+001  2.8000000e+000
  2.6515330e+000  1.5756631e+001  2.8000000e+000
  2.6526870e+000  1.5855130e+001  2.8000000e+000
  2.6538400e+000  1.5953629e+001  2.8000000e+000
  2.6549940e+000  1.6052128e+001  2.8000000e+000
  2.6561480e+000  1.6150627e+001  2.8000000e+000
  2.6573010e+000  1.6249126e+001  2.8000000e+000
  2.6584550e+000  1.6347625e+001  2.8000000e+000
  2.6596080e+000  1.6446124e+001  2.8000000e+000
  2.5817630e+000  1.6543454e+001  2.8000000e+000
  2.6619160e+000  1.6643122e+001  2.8000000e+000
  2.5840600e+000  1.6740438e+001  2.8000000e+000
  2.5852080e+000  1.6838930e+001  2.8000000e+000
  2.5863560e+000  1.6937423e+001  2.8000000e+000
  2.5875040e+000  1.7035915e+001  2.8000000e+000
  2.5886520e+000  1.7134407e+001  2.8000000e+000
  2.5898000e+000  1.7232899e+001  2.8000000e+000
  2.5119060e+000  1.7330168e+001  2.8000000e+000
  2.5130490e+000  1.7428654e+001  2.8000000e+000
  2.5141920e+000  1.7527139e+001  2.8000000e+000
  2.5153340e+000  1.7625625e+001  2.8000000e+000
  2.4374130e+000  1.7722860e+001  2.8000000e+000
  2.4385500e+000  1.7821338e+001  2.8000000e+000
  2.3606130e+000  1.7918553e+001  2.8000000e+000
  2.3617450e+000  1.8017025e+001  2.8000000e+000
  2.4419620e+000  1.8116774e+001  2.8000000e+000
  2.3640080e+000  1.8213969e+001  2.8000000e+000
  2.3651400e+000  1.8312441e+001  2.8000000e+000
  2.3662720e+000  1.8410913e+001  2.8000000e+000
  2.2882970e+000  1.8508080e+001  2.8000000e+000
  2.2894230e+000  1.8606545e+001  2.8000000e+000
  2.2905490e+000  1.8705010e+001  2.8000000e+000
  2.2916760e+000  1.8803476e+001  2.8000000e+000
  2.2928020e+000  1.8901941e+001  2.8000000e+000
  2.5502630e+000  1.2035787e+001  2.9000000e+000
  2.5508530e+000  1.1937523e+001  2.9000000e+000
  2.6305760e+000  1.1840488e+001  2.9000000e+000
  2.6328540e+000  1.1447389e+001  2.9000000e+000
  2.6334230e+000  1.1349114e+001  2.9000000e+000
  2.7130050e+000  1.1252006e+001  2.9000000e+000
  2.7124550e+000  1.1350292e+001  2.9000000e+000
  2.7119060e+000  1.1448577e+001  2.9000000e+000
  2.7113570e+000  1.1546862e+001  2.9000000e+000
  2.7108080e+000  1.1645147e+001  2.9000000e+000
  2.7102590e+000  1.1743433e+001  2.9000000e+000
  2.6305760e+000  1.1840488e+001  2.9000000e+000
  2.5508530e+000  1.1937523e+001  2.9000000e+000
  2.5502630e+000  1.2035787e+001  2.9000000e+000
  2.5484950e+000  1.2330581e+001  2.9000000e+000
  2.6282990e+000  1.2233588e+001  2.9000000e+000
  2.5484950e+000  1.2330581e+001  2.9000000e+000
  2.5479050e+000  1.2428845e+001  2.9000000e+000
  2.6265910e+000  1.2528412e+001  2.9000000e+000
  2.6260210e+000  1.2626687e+001  2.9000000e+000
  2.6254520e+000  1.2724962e+001  2.9000000e+000
  2.6248830e+000  1.2823237e+001  2.9000000e+000
  2.6243130e+000  1.2921512e+001  2.9000000e+000
  2.6237440e+000  1.3019786e+001  2.9000000e+000
  2.7025710e+000  1.3119426e+001  2.9000000e+000
  2.6226050e+000  1.3216336e+001  2.9000000e+000
  2.7014730e+000  1.3315997e+001  2.9000000e+000
  2.7009240e+000  1.3414282e+001  2.9000000e+000
  2.7003750e+000  1.3512567e+001  2.9000000e+000
  2.6998260e+000  1.3610853e+001  2.9000000e+000
  2.6992770e+000  1.3709138e+001  2.9000000e+000
  2.6987280e+000  1.3807423e+001  2.9000000e+000
  2.6981790e+000  1.3905708e+001  2.9000000e+000
  2.6976290e+000  1.4003994e+001  2.9000000e+000
  2.6970800e+000  1.4102279e+001  2.9000000e+000
  2.6965310e+000  1.4200564e+001  2.9000000e+000
  2.6959820e+000  1.4298849e+001  2.9000000e+000
  2.6954330e+000  1.4397135e+001  2.9000000e+000
  2.6948840e+000  1.4495420e+001  2.9000000e+000
  2.6943350e+000  1.4593705e+001  2.9000000e+000
  2.6937860e+000  1.4691991e+001  2.9000000e+000
  2.6932360e+000  1.4790276e+001  2.9000000e+000
  2.6926870e+000  1.4888561e+001  2.9000000e+000
  2.6921380e+000  1.4986846e+001  2.9000000e+000
  2.6915890e+000  1.5085132e+001  2.9000000e+000
  2.6910400e+000  1.5183417e+001  2.9000000e+000
  2.6904910e+000  1.5281702e+001  2.9000000e+000
  2.6100790e+000  1.5378383e+001  2.9000000e+000
  2.6095100e+000  1.5476658e+001  2.9000000e+000
  2.6089400e+000  1.5574932e+001  2.9000000e+000
  2.6882950e+000  1.5674843e+001  2.9000000e+000
  2.6877450e+000  1.5773128e+001  2.9000000e+000
  2.6871960e+000  1.5871414e+001  2.9000000e+000
  2.6866470e+000  1.5969699e+001  2.9000000e+000
  2.6060930e+000  1.6066307e+001  2.9000000e+000
  2.6055240e+000  1.6164581e+001  2.9000000e+000
  2.6049550e+000  1.6262856e+001  2.9000000e+000
  2.6043850e+000  1.6361131e+001  2.9000000e+000
  2.5237300e+000  1.6457687e+001  2.9000000e+000
  2.6032470e+000  1.6557681e+001  2.9000000e+000
  2.5225510e+000  1.6654216e+001  2.9000000e+000
  2.5219610e+000  1.6752480e+001  2.9000000e+000
  2.5213720e+000  1.6850744e+001  2.9000000e+000
  2.5207820e+000  1.6949009e+001  2.9000000e+000
  2.5201920e+000  1.7047273e+001  2.9000000e+000
  2.5196030e+000  1.7145538e+001  2.9000000e+000
  2.5190130e+000  1.7243802e+001  2.9000000e+000
  2.4381560e+000  1.7340254e+001  2.9000000e+000
  2.4375460e+000  1.7438508e+001  2.9000000e+000
  2.4369360e+000  1.7536762e+001  2.9000000e+000
  2.4363260e+000  1.7635016e+001  2.9000000e+000
  2.3553670e+000  1.7731415e+001  2.9000000e+000
  2.3547370e+000  1.7829659e+001  2.9000000e+000
  2.3541070e+000  1.7927902e+001  2.9000000e+000
  2.2730670e+000  1.8024260e+001  2.9000000e+000
  2.2724160e+000  1.8122493e+001  2.9000000e+000
  2.2717660e+000  1.8220726e+001  2.9000000e+000
  2.2711160e+000  1.8318960e+001  2.9000000e+000
  2.2704650e+000  1.8417193e+001  2.9000000e+000
  2.2698150e+000  1.8515426e+001  2.9000000e+000
  2.1886330e+000  1.8611711e+001  2.9000000e+000
  2.1879620e+000  1.8709933e+001  2.9000000e+000
  2.1872920e+000  1.8808156e+001  2.9000000e+000
  2.1866210e+000  1.8906379e+001  2.9000000e+000
  2.6384360e+000  1.1757280e+001  3.0000000e+000
  2.7185610e+000  1.1655556e+001  3.0000000e+000
  2.6403870e+000  1.1553255e+001  3.0000000e+000
  2.6413610e+000  1.1451242e+001  3.0000000e+000
  2.6433120e+000  1.1247217e+001  3.0000000e+000
  2.6442870e+000  1.1145205e+001  3.0000000e+000
  2.6452620e+000  1.1043192e+001  3.0000000e+000
  2.6462370e+000  1.0941179e+001  3.0000000e+000
  2.6452620e+000  1.1043192e+001  3.0000000e+000
  2.6442870e+000  1.1145205e+001  3.0000000e+000
  2.7223880e+000  1.1247473e+001  3.0000000e+000
  2.7214310e+000  1.1349494e+001  3.0000000e+000
  2.6413610e+000  1.1451242e+001  3.0000000e+000
  2.6403870e+000  1.1553255e+001  3.0000000e+000
  2.7185610e+000  1.1655556e+001  3.0000000e+000
  2.7176040e+000  1.1757577e+001  3.0000000e+000
  2.6384360e+000  1.1757280e+001  3.0000000e+000
  2.6355110e+000  1.2063317e+001  3.0000000e+000
  2.6325860e+000  1.2369355e+001  3.0000000e+000
  2.6316110e+000  1.2471367e+001  3.0000000e+000
  2.7099490e+000  1.2573743e+001  3.0000000e+000
  2.7089920e+000  1.2675764e+001  3.0000000e+000
  2.6286860e+000  1.2777405e+001  3.0000000e+000
  2.6277110e+000  1.2879417e+001  3.0000000e+000
  2.6267360e+000  1.2981430e+001  3.0000000e+000
  2.6257610e+000  1.3083442e+001  3.0000000e+000
  2.6247860e+000  1.3185455e+001  3.0000000e+000
  2.6238110e+000  1.3287467e+001  3.0000000e+000
  2.6228350e+000  1.3389480e+001  3.0000000e+000
  2.6218600e+000  1.3491492e+001  3.0000000e+000
  2.7003800e+000  1.3593951e+001  3.0000000e+000
  2.6994230e+000  1.3695971e+001  3.0000000e+000
  2.6984660e+000  1.3797992e+001  3.0000000e+000
  2.6179600e+000  1.3899542e+001  3.0000000e+000
  2.6169850e+000  1.4001555e+001  3.0000000e+000
  2.6955960e+000  1.4104055e+001  3.0000000e+000
  2.6150350e+000  1.4205580e+001  3.0000000e+000
  2.6140600e+000  1.4307593e+001  3.0000000e+000
  2.6130850e+000  1.4409605e+001  3.0000000e+000
  2.6121100e+000  1.4511618e+001  3.0000000e+000
  2.6111350e+000  1.4613630e+001  3.0000000e+000
  2.6101600e+000  1.4715643e+001  3.0000000e+000
  2.6091850e+000  1.4817655e+001  3.0000000e+000
  2.5284790e+000  1.4919115e+001  3.0000000e+000
  2.6072350e+000  1.5021680e+001  3.0000000e+000
  2.6062600e+000  1.5123693e+001  3.0000000e+000
  2.6052850e+000  1.5225705e+001  3.0000000e+000
  2.5245060e+000  1.5327132e+001  3.0000000e+000
  2.6033340e+000  1.5429730e+001  3.0000000e+000
  2.6023590e+000  1.5531743e+001  3.0000000e+000
  2.6013840e+000  1.5633755e+001  3.0000000e+000
  2.6004090e+000  1.5735768e+001  3.0000000e+000
  2.5994340e+000  1.5837780e+001  3.0000000e+000
  2.5984590e+000  1.5939793e+001  3.0000000e+000
  2.5974840e+000  1.6041805e+001  3.0000000e+000
  2.6764580e+000  1.6144470e+001  3.0000000e+000
  2.5955340e+000  1.6245830e+001  3.0000000e+000
  2.5945590e+000  1.6347843e+001  3.0000000e+000
  2.5145740e+000  1.6347174e+001  3.0000000e+000
  2.4335770e+000  1.6448502e+001  3.0000000e+000
  2.5125870e+000  1.6551183e+001  3.0000000e+000
  2.4315540e+000  1.6652494e+001  3.0000000e+000
  2.5106010e+000  1.6755192e+001  3.0000000e+000
  2.4295320e+000  1.6856486e+001  3.0000000e+000
  2.4285200e+000  1.6958482e+001  3.0000000e+000
  2.4275090e+000  1.7060478e+001  3.0000000e+000
  2.4264980e+000  1.7162474e+001  3.0000000e+000
  2.3453370e+000  1.7263727e+001  3.0000000e+000
  2.3443080e+000  1.7365715e+001  3.0000000e+000
  2.3432780e+000  1.7467703e+001  3.0000000e+000
  2.3422490e+000  1.7569691e+001  3.0000000e+000
  2.3412190e+000  1.7671679e+001  3.0000000e+000
  2.3401900e+000  1.7773666e+001  3.0000000e+000
  2.3391600e+000  1.7875654e+001  3.0000000e+000
  2.2578550e+000  1.7976841e+001  3.0000000e+000
  2.2568070e+000  1.8078821e+001  3.0000000e+000
  2.2557590e+000  1.8180801e+001  3.0000000e+000
  2.2547110e+000  1.8282780e+001  3.0000000e+000
  2.1733150e+000  1.8383926e+001  3.0000000e+000
  2.1722490e+000  1.8485897e+001  3.0000000e+000
  2.1711830e+000  1.8587869e+001  3.0000000e+000
  2.0897140e+000  1.8688982e+001  3.0000000e+000
  2.0886300e+000  1.8790945e+001  3.0000000e+000
  2.0875460e+000  1.8892908e+001  3.0000000e+000
  2.0864620e+000  1.8994871e+001  3.0000000e+000
