  9.4597850e+000  9.3438000e-001  2.2000000e+000
  1.0405304e+001  6.9946870e+000  2.2000000e+000
  1.0403827e+001  6.8953720e+000  2.2000000e+000
  1.0402349e+001  6.7960570e+000  2.2000000e+000
  1.0400872e+001  6.6967420e+000  2.2000000e+000
  1.0320954e+001  6.5969510e+000  2.2000000e+000
  1.0397917e+001  6.4981120e+000  2.2000000e+000
  1.0396440e+001  6.3987970e+000  2.2000000e+000
  1.0316557e+001  6.2990210e+000  2.2000000e+000
  1.0315092e+001  6.1997110e+000  2.2000000e+000
  1.0235245e+001  6.0999500e+000  2.2000000e+000
  1.0233792e+001  6.0006450e+000  2.2000000e+000
  1.0310695e+001  5.9017810e+000  2.2000000e+000
  1.0230884e+001  5.8020350e+000  2.2000000e+000
  1.0152539e+001  5.8016000e+000  2.2000000e+000
  1.0151097e+001  5.7022990e+000  2.2000000e+000
  1.0149656e+001  5.6030000e+000  2.2000000e+000
  1.0069904e+001  5.5032790e+000  2.2000000e+000
  9.9915940e+000  5.5028580e+000  2.2000000e+000
  9.9901770e+000  5.4035680e+000  2.2000000e+000
  9.9887580e+000  5.3042780e+000  2.2000000e+000
  1.0065614e+001  5.2053940e+000  2.2000000e+000
  1.0064185e+001  5.1060990e+000  2.2000000e+000
  9.9845040e+000  5.0064080e+000  2.2000000e+000
  9.9830860e+000  4.9071180e+000  2.2000000e+000
  9.9034420e+000  4.8074430e+000  2.2000000e+000
  9.9020360e+000  4.7081580e+000  2.2000000e+000
  9.9788320e+000  4.6092480e+000  2.2000000e+000
  9.8992230e+000  4.5095880e+000  2.2000000e+000
  9.8196380e+000  4.4099370e+000  2.2000000e+000
  9.8182440e+000  4.3106570e+000  2.2000000e+000
  9.8978170e+000  4.4103030e+000  2.2000000e+000
  9.9745780e+000  4.3113790e+000  2.2000000e+000
  9.9731600e+000  4.2120890e+000  2.2000000e+000
  9.8935990e+000  4.1124480e+000  2.2000000e+000
  9.8154550e+000  4.1120980e+000  2.2000000e+000
  9.7359300e+000  4.0124720e+000  2.2000000e+000
  9.7345470e+000  3.9131970e+000  2.2000000e+000
  9.8112730e+000  3.8142580e+000  2.2000000e+000
  9.7317820e+000  3.7146470e+000  2.2000000e+000
  9.6523160e+000  3.6150470e+000  2.2000000e+000
  9.7290180e+000  3.5160980e+000  2.2000000e+000
  9.7276350e+000  3.4168230e+000  2.2000000e+000
  9.7262530e+000  3.3175480e+000  2.2000000e+000
  9.7248700e+000  3.2182730e+000  2.2000000e+000
  9.8015130e+000  3.1192990e+000  2.2000000e+000
  9.7221060e+000  3.0197230e+000  2.2000000e+000
  9.7207230e+000  2.9204480e+000  2.2000000e+000
  9.7193410e+000  2.8211740e+000  2.2000000e+000
  9.7179580e+000  2.7218990e+000  2.2000000e+000
  9.7165760e+000  2.6226240e+000  2.2000000e+000
  9.7931470e+000  2.5236190e+000  2.2000000e+000
  9.7138110e+000  2.4240740e+000  2.2000000e+000
  9.7124290e+000  2.3247990e+000  2.2000000e+000
  9.7110470e+000  2.2255240e+000  2.2000000e+000
  9.6317580e+000  2.1259990e+000  2.2000000e+000
  9.6303880e+000  2.0267290e+000  2.2000000e+000
  9.6290170e+000  1.9274590e+000  2.2000000e+000
  9.5497770e+000  1.8279540e+000  2.2000000e+000
  9.5484180e+000  1.7286890e+000  2.2000000e+000
  9.5470590e+000  1.6294250e+000  2.2000000e+000
  9.6235350e+000  1.5303800e+000  2.2000000e+000
  9.6221650e+000  1.4311100e+000  2.2000000e+000
  9.5429830e+000  1.3316300e+000  2.2000000e+000
  9.5416250e+000  1.2323650e+000  2.2000000e+000
  9.5402660e+000  1.1331000e+000  2.2000000e+000
  9.4611320e+000  1.0336400e+000  2.2000000e+000
  9.4597850e+000  9.3438000e-001  2.2000000e+000
  9.1795780e+000  1.0033370e+000  2.3000000e+000
  9.2554680e+000  9.0446500e-001  2.3000000e+000
  1.0094579e+001  7.1023960e+000  2.3000000e+000
  1.0092367e+001  7.0025670e+000  2.3000000e+000
  1.0085729e+001  6.7030800e+000  2.3000000e+000
  1.0004892e+001  6.6022500e+000  2.3000000e+000
  9.9262680e+000  6.6012490e+000  2.3000000e+000
  9.8476440e+000  6.6002480e+000  2.3000000e+000
  9.8454650e+000  6.5004220e+000  2.3000000e+000
  9.9240780e+000  6.5014220e+000  2.3000000e+000
  1.0000489e+001  6.4025940e+000  2.3000000e+000
  9.9196970e+000  6.3017670e+000  2.3000000e+000
  9.8411060e+000  6.3007700e+000  2.3000000e+000
  9.8389270e+000  6.2009430e+000  2.3000000e+000
  9.9175060e+000  6.2019400e+000  2.3000000e+000
  9.9938840e+000  6.1031090e+000  2.3000000e+000
  9.9916830e+000  6.0032810e+000  2.3000000e+000
  9.9894810e+000  5.9034530e+000  2.3000000e+000
  9.9087440e+000  5.8026310e+000  2.3000000e+000
  9.8323880e+000  5.9014640e+000  2.3000000e+000
  9.8302090e+000  5.8016380e+000  2.3000000e+000
  9.8280300e+000  5.7018120e+000  2.3000000e+000
  9.8258500e+000  5.6019850e+000  2.3000000e+000
  9.7451690e+000  5.5011690e+000  2.3000000e+000
  9.7430010e+000  5.4013430e+000  2.3000000e+000
  9.7408320e+000  5.3015180e+000  2.3000000e+000
  9.6601950e+000  5.2007050e+000  2.3000000e+000
  9.6580380e+000  5.1008800e+000  2.3000000e+000
  9.6558810e+000  5.0010560e+000  2.3000000e+000
  9.6537240e+000  4.9012310e+000  2.3000000e+000
  9.6515660e+000  4.8014070e+000  2.3000000e+000
  9.6494090e+000  4.7015830e+000  2.3000000e+000
  9.5688500e+000  4.6007760e+000  2.3000000e+000
  9.6450950e+000  4.5019340e+000  2.3000000e+000
  9.5645580e+000  4.4011290e+000  2.3000000e+000
  9.5624110e+000  4.3013060e+000  2.3000000e+000
  9.4819080e+000  4.2005040e+000  2.3000000e+000
  9.4797720e+000  4.1006810e+000  2.3000000e+000
  9.4776370e+000  4.0008590e+000  2.3000000e+000
  9.4755020e+000  3.9010360e+000  2.3000000e+000
  9.4733670e+000  3.8012140e+000  2.3000000e+000
  9.4712320e+000  3.7013910e+000  2.3000000e+000
  9.4690970e+000  3.6015690e+000  2.3000000e+000
  9.4669620e+000  3.5017460e+000  2.3000000e+000
  9.4648270e+000  3.4019230e+000  2.3000000e+000
  9.4626920e+000  3.3021010e+000  2.3000000e+000
  9.4605570e+000  3.2022780e+000  2.3000000e+000
  9.4584220e+000  3.1024560e+000  2.3000000e+000
  9.4562870e+000  3.0026330e+000  2.3000000e+000
  9.4541520e+000  2.9028110e+000  2.3000000e+000
  9.4520170e+000  2.8029880e+000  2.3000000e+000
  9.4498820e+000  2.7031650e+000  2.3000000e+000
  9.3695670e+000  2.6023800e+000  2.3000000e+000
  9.3674430e+000  2.5025580e+000  2.3000000e+000
  9.3653190e+000  2.4027360e+000  2.3000000e+000
  9.3631950e+000  2.3029150e+000  2.3000000e+000
  9.3610710e+000  2.2030930e+000  2.3000000e+000
  9.2808220e+000  2.1023130e+000  2.3000000e+000
  9.2787090e+000  2.0024920e+000  2.3000000e+000
  9.2765970e+000  1.9026720e+000  2.3000000e+000
  9.2744840e+000  1.8028510e+000  2.3000000e+000
  9.2723710e+000  1.7030300e+000  2.3000000e+000
  9.1921880e+000  1.6022560e+000  2.3000000e+000
  9.1900870e+000  1.5024360e+000  2.3000000e+000
  9.2660320e+000  1.4035680e+000  2.3000000e+000
  9.2639190e+000  1.3037470e+000  2.3000000e+000
  9.1837810e+000  1.2029760e+000  2.3000000e+000
  9.2596940e+000  1.1041060e+000  2.3000000e+000
  9.1795780e+000  1.0033370e+000  2.3000000e+000
  9.3817760e+000  1.0038180e+000  2.4000000e+000
  9.4595780e+000  1.0037840e+000  2.4000000e+000
  9.5368610e+000  9.0115700e-001  2.4000000e+000
  9.5363420e+000  7.9856300e-001  2.4000000e+000
  1.0274490e+001  7.1588830e+000  2.4000000e+000
  1.0275105e+001  7.2614740e+000  2.4000000e+000
  1.0275719e+001  7.3640640e+000  2.4000000e+000
  1.0197256e+001  7.3641210e+000  2.4000000e+000
  1.0275105e+001  7.2614740e+000  2.4000000e+000
  1.0274490e+001  7.1588830e+000  2.4000000e+000
  1.0273260e+001  6.9537020e+000  2.4000000e+000
  1.0272030e+001  6.7485210e+000  2.4000000e+000
  1.0193026e+001  6.6459840e+000  2.4000000e+000
  1.0114637e+001  6.6460390e+000  2.4000000e+000
  1.0036831e+001  6.7486850e+000  2.4000000e+000
  1.0114637e+001  6.6460390e+000  2.4000000e+000
  1.0035666e+001  6.5435020e+000  2.4000000e+000
  1.0113450e+001  6.4408560e+000  2.4000000e+000
  1.0112857e+001  6.3382650e+000  2.4000000e+000
  1.0033917e+001  6.2357260e+000  2.4000000e+000
  1.0033334e+001  6.1331350e+000  2.4000000e+000
  9.9544270e+000  6.0305950e+000  2.4000000e+000
  1.0032169e+001  5.9279510e+000  2.4000000e+000
  1.0031586e+001  5.8253600e+000  2.4000000e+000
  1.0031003e+001  5.7227680e+000  2.4000000e+000
  1.0030420e+001  5.6201760e+000  2.4000000e+000
  9.9515650e+000  5.5176350e+000  2.4000000e+000
  9.9509930e+000  5.4150430e+000  2.4000000e+000
  9.8721710e+000  5.3125000e+000  2.4000000e+000
  9.8716090e+000  5.2099070e+000  2.4000000e+000
  9.8710480e+000  5.1073150e+000  2.4000000e+000
  9.9487050e+000  5.0046740e+000  2.4000000e+000
  9.8699250e+000  4.9021300e+000  2.4000000e+000
  9.7911670e+000  4.7995850e+000  2.4000000e+000
  9.8688020e+000  4.6969450e+000  2.4000000e+000
  9.8682400e+000  4.5943530e+000  2.4000000e+000
  9.7895140e+000  4.4918070e+000  2.4000000e+000
  9.7113490e+000  4.4918530e+000  2.4000000e+000
  9.7889630e+000  4.3892140e+000  2.4000000e+000
  9.7884120e+000  4.2866210e+000  2.4000000e+000
  9.7097290e+000  4.1840740e+000  2.4000000e+000
  9.7091890e+000  4.0814800e+000  2.4000000e+000
  9.7086490e+000  3.9788870e+000  2.4000000e+000
  9.7081080e+000  3.8762940e+000  2.4000000e+000
  9.7075680e+000  3.7737000e+000  2.4000000e+000
  9.7070280e+000  3.6711070e+000  2.4000000e+000
  9.6284190e+000  3.5685570e+000  2.4000000e+000
  9.7059480e+000  3.4659210e+000  2.4000000e+000
  9.7054070e+000  3.3633280e+000  2.4000000e+000
  9.7048670e+000  3.2607340e+000  2.4000000e+000
  9.7043270e+000  3.1581410e+000  2.4000000e+000
  9.7037870e+000  3.0555480e+000  2.4000000e+000
  9.7032470e+000  2.9529550e+000  2.4000000e+000
  9.7027070e+000  2.8503620e+000  2.4000000e+000
  9.7021670e+000  2.7477680e+000  2.4000000e+000
  9.7795990e+000  2.6451350e+000  2.4000000e+000
  9.7010860e+000  2.5425820e+000  2.4000000e+000
  9.6225950e+000  2.4400270e+000  2.4000000e+000
  9.6220650e+000  2.3374340e+000  2.4000000e+000
  9.6215360e+000  2.2348400e+000  2.4000000e+000
  9.5430870e+000  2.1322840e+000  2.4000000e+000
  9.5425680e+000  2.0296900e+000  2.4000000e+000
  9.5420490e+000  1.9270960e+000  2.4000000e+000
  9.5415300e+000  1.8245020e+000  2.4000000e+000
  9.5410120e+000  1.7219090e+000  2.4000000e+000
  9.4626270e+000  1.6193500e+000  2.4000000e+000
  9.5399740e+000  1.5167200e+000  2.4000000e+000
  9.5394550e+000  1.4141270e+000  2.4000000e+000
  9.5389360e+000  1.3115330e+000  2.4000000e+000
  9.4605940e+000  1.2089730e+000  2.4000000e+000
  9.3827710e+000  1.2090070e+000  2.4000000e+000
  9.4600860e+000  1.1063780e+000  2.4000000e+000
  9.3817760e+000  1.0038180e+000  2.4000000e+000
  9.3412450e+000  1.1175480e+000  2.5000000e+000
  9.4194530e+000  1.0159590e+000  2.5000000e+000
  9.4194530e+000  1.0159590e+000  2.5000000e+000
  9.8795680e+000  7.1700560e+000  2.5000000e+000
  9.8796970e+000  7.0691010e+000  2.5000000e+000
  9.9584940e+000  6.9679810e+000  2.5000000e+000
  9.9586110e+000  6.8670170e+000  2.5000000e+000
  9.9587290e+000  6.7660530e+000  2.5000000e+000
  9.8802140e+000  6.6652790e+000  2.5000000e+000
  9.8803430e+000  6.5643240e+000  2.5000000e+000
  9.9590830e+000  6.4631600e+000  2.5000000e+000
  9.8806010e+000  6.3624140e+000  2.5000000e+000
  9.8807300e+000  6.2614580e+000  2.5000000e+000
  9.8808600e+000  6.1605030e+000  2.5000000e+000
  9.9595540e+000  6.0593020e+000  2.5000000e+000
  9.8811180e+000  5.9585920e+000  2.5000000e+000
  9.9597900e+000  5.8573740e+000  2.5000000e+000
  9.9599080e+000  5.7564090e+000  2.5000000e+000
  9.8815050e+000  5.6557260e+000  2.5000000e+000
  9.8816350e+000  5.5547710e+000  2.5000000e+000
  9.8032660e+000  5.4541150e+000  2.5000000e+000
  9.8034070e+000  5.3531690e+000  2.5000000e+000
  9.7250720e+000  5.2525400e+000  2.5000000e+000
  9.7252240e+000  5.1516030e+000  2.5000000e+000
  9.8038280e+000  5.0503300e+000  2.5000000e+000
  9.7255280e+000  4.9497280e+000  2.5000000e+000
  9.7256800e+000  4.8487910e+000  2.5000000e+000
  9.8042500e+000  4.7474910e+000  2.5000000e+000
  9.7259830e+000  4.6469160e+000  2.5000000e+000
  9.7261350e+000  4.5459790e+000  2.5000000e+000
  9.6479030e+000  4.4454310e+000  2.5000000e+000
  9.6480660e+000  4.3445030e+000  2.5000000e+000
  9.6482290e+000  4.2435750e+000  2.5000000e+000
  9.6483920e+000  4.1426470e+000  2.5000000e+000
  9.6485550e+000  4.0417180e+000  2.5000000e+000
  9.6487190e+000  3.9407900e+000  2.5000000e+000
  9.5705650e+000  3.8403050e+000  2.5000000e+000
  9.5707400e+000  3.7393860e+000  2.5000000e+000
  9.6492080e+000  3.6380050e+000  2.5000000e+000
  9.6493710e+000  3.5370770e+000  2.5000000e+000
  9.6495340e+000  3.4361490e+000  2.5000000e+000
  9.6496980e+000  3.3352210e+000  2.5000000e+000
  9.6498610e+000  3.2342920e+000  2.5000000e+000
  9.5717870e+000  3.1338710e+000  2.5000000e+000
  9.5719610e+000  3.0329520e+000  2.5000000e+000
  9.6503500e+000  2.9315080e+000  2.5000000e+000
  9.6505130e+000  2.8305790e+000  2.5000000e+000
  9.6506770e+000  2.7296510e+000  2.5000000e+000
  9.6508400e+000  2.6287230e+000  2.5000000e+000
  9.6510030e+000  2.5277950e+000  2.5000000e+000
  9.5730080e+000  2.4274360e+000  2.5000000e+000
  9.4948510e+000  2.4280060e+000  2.5000000e+000
  9.5731830e+000  2.3265170e+000  2.5000000e+000
  9.4952220e+000  2.2261860e+000  2.5000000e+000
  9.4954080e+000  2.1252760e+000  2.5000000e+000
  9.4955940e+000  2.0243650e+000  2.5000000e+000
  9.4176790e+000  1.9240700e+000  2.5000000e+000
  9.4178760e+000  1.8231690e+000  2.5000000e+000
  9.4180730e+000  1.7222680e+000  2.5000000e+000
  9.4963370e+000  1.6207240e+000  2.5000000e+000
  9.4184670e+000  1.5204650e+000  2.5000000e+000
  9.4186640e+000  1.4195640e+000  2.5000000e+000
  9.3408280e+000  1.3193320e+000  2.5000000e+000
  9.4190590e+000  1.2177620e+000  2.5000000e+000
  9.3412450e+000  1.1175480e+000  2.5000000e+000
  9.2500570e+000  8.1104100e-001  2.6000000e+000
  9.2517320e+000  9.1030900e-001  2.6000000e+000
  1.0436259e+001  6.6859160e+000  2.6000000e+000
  1.0360406e+001  6.7839370e+000  2.6000000e+000
  1.0439913e+001  6.8845420e+000  2.6000000e+000
  1.0443567e+001  7.0831670e+000  2.6000000e+000
  1.0445395e+001  7.1824800e+000  2.6000000e+000
  1.0443567e+001  7.0831670e+000  2.6000000e+000
  1.0439913e+001  6.8845420e+000  2.6000000e+000
  1.0362222e+001  6.8832460e+000  2.6000000e+000
  1.0360406e+001  6.7839370e+000  2.6000000e+000
  1.0280920e+001  6.6833390e+000  2.6000000e+000
  1.0356773e+001  6.5853180e+000  2.6000000e+000
  1.0277309e+001  6.4847260e+000  2.6000000e+000
  1.0275504e+001  6.3854200e+000  2.6000000e+000
  1.0351325e+001  6.2873900e+000  2.6000000e+000
  1.0427124e+001  6.1893530e+000  2.6000000e+000
  1.0347692e+001  6.0887710e+000  2.6000000e+000
  1.0268282e+001  5.9881940e+000  2.6000000e+000
  1.0190689e+001  5.9869280e+000  2.6000000e+000
  1.0114878e+001  6.0849610e+000  2.6000000e+000
  1.0190689e+001  5.9869280e+000  2.6000000e+000
  1.0188894e+001  5.8876250e+000  2.6000000e+000
  1.0264672e+001  5.7895820e+000  2.6000000e+000
  1.0185305e+001  5.6890180e+000  2.6000000e+000
  1.0105960e+001  5.5884610e+000  2.6000000e+000
  1.0030183e+001  5.6865040e+000  2.6000000e+000
  1.0028410e+001  5.5872070e+000  2.6000000e+000
  1.0026637e+001  5.4879100e+000  2.6000000e+000
  1.0024864e+001  5.3886140e+000  2.6000000e+000
  9.9455740e+000  5.2880720e+000  2.6000000e+000
  9.8663050e+000  5.1875370e+000  2.6000000e+000
  9.8645540e+000  5.0882470e+000  2.6000000e+000
  9.7853180e+000  4.9877210e+000  2.6000000e+000
  9.7835780e+000  4.8884340e+000  2.6000000e+000
  9.8593010e+000  4.7903750e+000  2.6000000e+000
  9.8575500e+000  4.6910850e+000  2.6000000e+000
  9.8557990e+000  4.5917940e+000  2.6000000e+000
  9.8540480e+000  4.4925040e+000  2.6000000e+000
  9.8522970e+000  4.3932130e+000  2.6000000e+000
  9.7731370e+000  4.2927100e+000  2.6000000e+000
  9.6939980e+000  4.1922130e+000  2.6000000e+000
  9.6922690e+000  4.0929290e+000  2.6000000e+000
  9.6905400e+000  3.9936450e+000  2.6000000e+000
  9.6888100e+000  3.8943600e+000  2.6000000e+000
  9.6097260e+000  3.7938790e+000  2.6000000e+000
  9.6080080e+000  3.6945980e+000  2.6000000e+000
  9.6836230e+000  3.5965080e+000  2.6000000e+000
  9.6045710e+000  3.4960360e+000  2.6000000e+000
  9.6028520e+000  3.3967550e+000  2.6000000e+000
  9.6011340e+000  3.2974740e+000  2.6000000e+000
  9.5221260e+000  3.1970150e+000  2.6000000e+000
  9.5976970e+000  3.0989120e+000  2.6000000e+000
  9.5187110e+000  2.9984590e+000  2.6000000e+000
  9.5170030e+000  2.8991820e+000  2.6000000e+000
  9.5925420e+000  2.8010690e+000  2.6000000e+000
  9.5135880e+000  2.7006260e+000  2.6000000e+000
  9.5118800e+000  2.6013480e+000  2.6000000e+000
  9.5873860e+000  2.5032260e+000  2.6000000e+000
  9.5856680e+000  2.4039450e+000  2.6000000e+000
  9.5067580e+000  2.3035140e+000  2.6000000e+000
  9.5050500e+000  2.2042370e+000  2.6000000e+000
  9.4261720e+000  2.1038160e+000  2.6000000e+000
  9.4244760e+000  2.0045410e+000  2.6000000e+000
  9.4227790e+000  1.9052660e+000  2.6000000e+000
  9.4210820e+000  1.8059920e+000  2.6000000e+000
  9.3422590e+000  1.7055860e+000  2.6000000e+000
  9.3405730e+000  1.6063150e+000  2.6000000e+000
  9.4159920e+000  1.5081680e+000  2.6000000e+000
  9.4142950e+000  1.4088930e+000  2.6000000e+000
  9.3355150e+000  1.3085000e+000  2.6000000e+000
  9.3338290e+000  1.2092290e+000  2.6000000e+000
  9.2550820e+000  1.1088460e+000  2.6000000e+000
  9.2517320e+000  9.1030900e-001  2.6000000e+000
  9.2500570e+000  8.1104100e-001  2.6000000e+000
  9.2203540e+000  3.5741000e-001  2.7000000e+000
  9.2999440e+000  4.5971800e-001  2.7000000e+000
  1.0333289e+001  6.6182000e+000  2.7000000e+000
  1.0254641e+001  6.6186020e+000  2.7000000e+000
  1.0253049e+001  6.5158780e+000  2.7000000e+000
  1.0330087e+001  6.4127520e+000  2.7000000e+000
  1.0328486e+001  6.3100280e+000  2.7000000e+000
  1.0248273e+001  6.2077070e+000  2.7000000e+000
  1.0246681e+001  6.1049830e+000  2.7000000e+000
  1.0166495e+001  6.0026620e+000  2.7000000e+000
  1.0087902e+001  6.0030650e+000  2.7000000e+000
  1.0009308e+001  6.0034680e+000  2.7000000e+000
  1.0007743e+001  5.9007450e+000  2.7000000e+000
  1.0006178e+001  5.7980220e+000  2.7000000e+000
  1.0083180e+001  5.6948950e+000  2.7000000e+000
  1.0081606e+001  5.5921720e+000  2.7000000e+000
  1.0001483e+001  5.4898520e+000  2.7000000e+000
  9.9999180e+000  5.3871290e+000  2.7000000e+000
  9.9198230e+000  5.2848100e+000  2.7000000e+000
  9.9182670e+000  5.1820870e+000  2.7000000e+000
  9.9167110e+000  5.0793640e+000  2.7000000e+000
  9.8366510e+000  4.9770460e+000  2.7000000e+000
  9.7581480e+000  4.9774500e+000  2.7000000e+000
  9.7566100e+000  4.8747280e+000  2.7000000e+000
  9.6765860e+000  4.7724100e+000  2.7000000e+000
  9.7566100e+000  4.8747280e+000  2.7000000e+000
  9.8335570e+000  4.7716000e+000  2.7000000e+000
  9.8320100e+000  4.6688770e+000  2.7000000e+000
  9.7519960e+000  4.5665600e+000  2.7000000e+000
  9.6735290e+000  4.5669650e+000  2.7000000e+000
  9.6720000e+000  4.4642430e+000  2.7000000e+000
  9.7489200e+000  4.3611140e+000  2.7000000e+000
  9.6689420e+000  4.2587980e+000  2.7000000e+000
  9.7458440e+000  4.1556690e+000  2.7000000e+000
  9.6658840e+000  4.0533530e+000  2.7000000e+000
  9.5859420e+000  3.9510370e+000  2.7000000e+000
  9.6628260e+000  3.8479080e+000  2.7000000e+000
  9.7396930e+000  3.7447780e+000  2.7000000e+000
  9.6597680e+000  3.6424630e+000  2.7000000e+000
  9.5813820e+000  3.6428700e+000  2.7000000e+000
  9.5798620e+000  3.5401480e+000  2.7000000e+000
  9.5783420e+000  3.4374250e+000  2.7000000e+000
  9.4984630e+000  3.3351110e+000  2.7000000e+000
  9.5753020e+000  3.2319810e+000  2.7000000e+000
  9.4954410e+000  3.1296670e+000  2.7000000e+000
  9.4939300e+000  3.0269450e+000  2.7000000e+000
  9.4924190e+000  2.9242230e+000  2.7000000e+000
  9.5692230e+000  2.8210920e+000  2.7000000e+000
  9.5677030e+000  2.7183700e+000  2.7000000e+000
  9.5661830e+000  2.6156470e+000  2.7000000e+000
  9.4863760e+000  2.5133340e+000  2.7000000e+000
  9.4848650e+000  2.4106120e+000  2.7000000e+000
  9.4833540e+000  2.3078900e+000  2.7000000e+000
  9.5601030e+000  2.2047580e+000  2.7000000e+000
  9.4803320e+000  2.1024460e+000  2.7000000e+000
  9.4788210e+000  1.9997240e+000  2.7000000e+000
  9.3990770e+000  1.8974120e+000  2.7000000e+000
  9.3975760e+000  1.7946900e+000  2.7000000e+000
  9.3960740e+000  1.6919680e+000  2.7000000e+000
  9.3163660e+000  1.5896570e+000  2.7000000e+000
  9.3148730e+000  1.4869350e+000  2.7000000e+000
  9.3133800e+000  1.3842140e+000  2.7000000e+000
  9.3900660e+000  1.2810810e+000  2.7000000e+000
  9.3103940e+000  1.1787700e+000  2.7000000e+000
  9.3089010e+000  1.0760490e+000  2.7000000e+000
  9.3074090e+000  9.7332700e-001  2.7000000e+000
  9.3059160e+000  8.7060500e-001  2.7000000e+000
  9.3044230e+000  7.6788300e-001  2.7000000e+000
  9.3029300e+000  6.6516200e-001  2.7000000e+000
  9.3014370e+000  5.6244000e-001  2.7000000e+000
  9.2999440e+000  4.5971800e-001  2.7000000e+000
  9.2203540e+000  3.5741000e-001  2.7000000e+000
  8.9295410e+000  1.1951610e+000  2.8000000e+000
  9.0074230e+000  1.1957970e+000  2.8000000e+000
  9.0827080e+000  1.0964530e+000  2.8000000e+000
  9.0801130e+000  9.9647300e-001  2.8000000e+000
  9.0775160e+000  8.9649300e-001  2.8000000e+000
  1.0098045e+001  6.9083320e+000  2.8000000e+000
  1.0022154e+001  7.0072220e+000  2.8000000e+000
  1.0098045e+001  6.9083320e+000  2.8000000e+000
  1.0095308e+001  6.8082460e+000  2.8000000e+000
  1.0013980e+001  6.7069930e+000  2.8000000e+000
  1.0011255e+001  6.6069170e+000  2.8000000e+000
  1.0089832e+001  6.6080740e+000  2.8000000e+000
  1.0165659e+001  6.5091350e+000  2.8000000e+000
  1.0084357e+001  6.4079020e+000  2.8000000e+000
  1.0003081e+001  6.3066880e+000  2.8000000e+000
  9.9218310e+000  6.2054930e+000  2.8000000e+000
  9.8433050e+000  6.2043750e+000  2.8000000e+000
  9.8406070e+000  6.1043180e+000  2.8000000e+000
  9.9191190e+000  6.1054270e+000  2.8000000e+000
  9.9949070e+000  6.0064590e+000  2.8000000e+000
  9.9921820e+000  5.9063830e+000  2.8000000e+000
  9.9109840e+000  5.8052260e+000  2.8000000e+000
  9.8325100e+000  5.8041470e+000  2.8000000e+000
  9.7513500e+000  5.7030190e+000  2.8000000e+000
  9.7486630e+000  5.6029720e+000  2.8000000e+000
  9.6675420e+000  5.5018740e+000  2.8000000e+000
  9.7459770e+000  5.5029250e+000  2.8000000e+000
  9.8217140e+000  5.4039180e+000  2.8000000e+000
  9.7406050e+000  5.3028300e+000  2.8000000e+000
  9.6621960e+000  5.3017980e+000  2.8000000e+000
  9.5811260e+000  5.2007390e+000  2.8000000e+000
  9.5027290e+000  5.1997170e+000  2.8000000e+000
  9.5784650e+000  5.1007110e+000  2.8000000e+000
  9.6541760e+000  5.0016850e+000  2.8000000e+000
  9.5731450e+000  4.9006540e+000  2.8000000e+000
  9.4921390e+000  4.7996430e+000  2.8000000e+000
  9.5678240e+000  4.7005980e+000  2.8000000e+000
  9.5651640e+000  4.6005700e+000  2.8000000e+000
  9.4841970e+000  4.4995870e+000  2.8000000e+000
  9.4815490e+000  4.3995690e+000  2.8000000e+000
  9.4006210e+000  4.2986150e+000  2.8000000e+000
  9.3197190e+000  4.1976810e+000  2.8000000e+000
  9.3170970e+000  4.0976820e+000  2.8000000e+000
  9.3144750e+000  3.9976830e+000  2.8000000e+000
  9.3900830e+000  3.8985800e+000  2.8000000e+000
  9.3092320e+000  3.7976840e+000  2.8000000e+000
  9.3066100e+000  3.6976850e+000  2.8000000e+000
  9.3039880e+000  3.5976860e+000  2.8000000e+000
  9.3013670e+000  3.4976870e+000  2.8000000e+000
  9.2987450e+000  3.3976880e+000  2.8000000e+000
  9.2179710e+000  3.2968500e+000  2.8000000e+000
  9.2153620e+000  3.1968600e+000  2.8000000e+000
  9.2127530e+000  3.0968710e+000  2.8000000e+000
  9.2882580e+000  2.9976910e+000  2.8000000e+000
  9.2856370e+000  2.8976920e+000  2.8000000e+000
  9.2830150e+000  2.7976930e+000  2.8000000e+000
  9.2803930e+000  2.6976930e+000  2.8000000e+000
  9.2777710e+000  2.5976940e+000  2.8000000e+000
  9.2751500e+000  2.4976950e+000  2.8000000e+000
  9.1944920e+000  2.3969440e+000  2.8000000e+000
  9.1164560e+000  2.3961920e+000  2.8000000e+000
  9.1138600e+000  2.2962120e+000  2.8000000e+000
  9.1112640e+000  2.1962320e+000  2.8000000e+000
  9.1086680e+000  2.0962520e+000  2.8000000e+000
  9.1060720e+000  1.9962720e+000  2.8000000e+000
  9.1034760e+000  1.8962920e+000  2.8000000e+000
  9.1008800e+000  1.7963130e+000  2.8000000e+000
  9.0203380e+000  1.6956480e+000  2.8000000e+000
  9.0177550e+000  1.5956780e+000  2.8000000e+000
  9.0930920e+000  1.4963730e+000  2.8000000e+000
  9.0904960e+000  1.3963930e+000  2.8000000e+000
  9.0100060e+000  1.2957670e+000  2.8000000e+000
  8.9346810e+000  1.3950820e+000  2.8000000e+000
  9.0100060e+000  1.2957670e+000  2.8000000e+000
  8.9295410e+000  1.1951610e+000  2.8000000e+000
  8.9624590e+000  8.9102700e-001  2.9000000e+000
  9.0389820e+000  7.9205300e-001  2.9000000e+000
  9.0373720e+000  6.9298600e-001  2.9000000e+000
  9.0373720e+000  6.9298600e-001  2.9000000e+000
  9.0389820e+000  7.9205300e-001  2.9000000e+000
  9.9268150e+000  7.1375650e+000  2.9000000e+000
  9.9251500e+000  7.0384300e+000  2.9000000e+000
  9.9218200e+000  6.8401600e+000  2.9000000e+000
  9.9201550e+000  6.7410250e+000  2.9000000e+000
  9.9184910e+000  6.6418900e+000  2.9000000e+000
  9.8383820e+000  6.5422760e+000  2.9000000e+000
  9.8367230e+000  6.4431470e+000  2.9000000e+000
  9.8350630e+000  6.3440190e+000  2.9000000e+000
  9.8334040e+000  6.2448910e+000  2.9000000e+000
  9.8317440e+000  6.1457620e+000  2.9000000e+000
  9.9101670e+000  6.1462140e+000  2.9000000e+000
  9.9869190e+000  6.0475240e+000  2.9000000e+000
  9.9068370e+000  5.9479440e+000  2.9000000e+000
  9.8284260e+000  5.9475060e+000  2.9000000e+000
  9.7500140e+000  5.9470670e+000  2.9000000e+000
  9.6732520e+000  6.0457440e+000  2.9000000e+000
  9.6716030e+000  5.9466290e+000  2.9000000e+000
  9.5915490e+000  5.8470820e+000  2.9000000e+000
  9.5131430e+000  5.8466510e+000  2.9000000e+000
  9.5115050e+000  5.7475490e+000  2.9000000e+000
  9.5098680e+000  5.6484480e+000  2.9000000e+000
  9.5082300e+000  5.5493470e+000  2.9000000e+000
  9.5065930e+000  5.4502460e+000  2.9000000e+000
  9.5833340e+000  5.3515420e+000  2.9000000e+000
  9.5033170e+000  5.2520430e+000  2.9000000e+000
  9.5016800e+000  5.1529420e+000  2.9000000e+000
  9.5000420e+000  5.0538400e+000  2.9000000e+000
  9.4984040e+000  4.9547390e+000  2.9000000e+000
  9.4967670e+000  4.8556380e+000  2.9000000e+000
  9.4951290e+000  4.7565370e+000  2.9000000e+000
  9.4934920e+000  4.6574350e+000  2.9000000e+000
  9.4918540e+000  4.5583340e+000  2.9000000e+000
  9.4902160e+000  4.4592330e+000  2.9000000e+000
  9.4102540e+000  4.3598010e+000  2.9000000e+000
  9.3303030e+000  4.2603830e+000  2.9000000e+000
  9.2503630e+000  4.1609790e+000  2.9000000e+000
  9.2487420e+000  4.0618980e+000  2.9000000e+000
  9.2471210e+000  3.9628170e+000  2.9000000e+000
  9.1672020e+000  3.8634400e+000  2.9000000e+000
  9.1655860e+000  3.7643660e+000  2.9000000e+000
  9.1639710e+000  3.6652910e+000  2.9000000e+000
  9.1623550e+000  3.5662170e+000  2.9000000e+000
  9.2390140e+000  3.4674120e+000  2.9000000e+000
  9.1591230e+000  3.3680690e+000  2.9000000e+000
  9.1575070e+000  3.2689950e+000  2.9000000e+000
  9.1558910e+000  3.1699200e+000  2.9000000e+000
  9.1542750e+000  3.0708460e+000  2.9000000e+000
  9.1526600e+000  2.9717720e+000  2.9000000e+000
  9.1510440e+000  2.8726980e+000  2.9000000e+000
  9.1494280e+000  2.7736240e+000  2.9000000e+000
  9.1478120e+000  2.6745490e+000  2.9000000e+000
  9.1461960e+000  2.5754750e+000  2.9000000e+000
  9.0663590e+000  2.4761990e+000  2.9000000e+000
  9.1429640e+000  2.3773270e+000  2.9000000e+000
  9.0631390e+000  2.2780650e+000  2.9000000e+000
  9.0615280e+000  2.1789970e+000  2.9000000e+000
  9.0599180e+000  2.0799300e+000  2.9000000e+000
  8.9801130e+000  1.9806950e+000  2.9000000e+000
  8.9785090e+000  1.8816340e+000  2.9000000e+000
  9.0583070e+000  1.9808620e+000  2.9000000e+000
  9.1348850e+000  1.8819560e+000  2.9000000e+000
  9.1332690e+000  1.7828820e+000  2.9000000e+000
  9.0534760e+000  1.6836600e+000  2.9000000e+000
  9.0518650e+000  1.5845930e+000  2.9000000e+000
  9.0502550e+000  1.4855250e+000  2.9000000e+000
  9.0486450e+000  1.3864580e+000  2.9000000e+000
  9.0470340e+000  1.2873900e+000  2.9000000e+000
  8.9672740e+000  1.1882090e+000  2.9000000e+000
  8.9656690e+000  1.0891490e+000  2.9000000e+000
  8.9640640e+000  9.9008800e-001  2.9000000e+000
  8.9624590e+000  8.9102700e-001  2.9000000e+000
  8.9972610e+000  8.3888600e-001  3.0000000e+000
  1.0076451e+001  6.6963020e+000  3.0000000e+000
  9.9997260e+000  6.7948780e+000  3.0000000e+000
  1.0001060e+001  6.8941320e+000  3.0000000e+000
  9.9997260e+000  6.7948780e+000  3.0000000e+000
  1.0076451e+001  6.6963020e+000  3.0000000e+000
  1.0073741e+001  6.4977740e+000  3.0000000e+000
  1.0072386e+001  6.3985090e+000  3.0000000e+000
  9.9930520e+000  6.2986090e+000  3.0000000e+000
  9.9163870e+000  6.3972160e+000  3.0000000e+000
  9.9930520e+000  6.2986090e+000  3.0000000e+000
  9.9137580e+000  6.1987290e+000  3.0000000e+000
  9.9124440e+000  6.0994860e+000  3.0000000e+000
  9.9890470e+000  6.0008470e+000  3.0000000e+000
  9.9098150e+000  5.9009990e+000  3.0000000e+000
  9.8306230e+000  5.8011710e+000  3.0000000e+000
  9.7527450e+000  5.8005870e+000  3.0000000e+000
  9.8306230e+000  5.8011710e+000  3.0000000e+000
  9.9071860e+000  5.7025120e+000  3.0000000e+000
  9.8280340e+000  5.6027050e+000  3.0000000e+000
  9.7489230e+000  5.5029200e+000  3.0000000e+000
  9.7476490e+000  5.4036970e+000  3.0000000e+000
  9.7463750e+000  5.3044740e+000  3.0000000e+000
  9.7451010e+000  5.2052520e+000  3.0000000e+000
  9.7438270e+000  5.1060290e+000  3.0000000e+000
  9.7425530e+000  5.0068060e+000  3.0000000e+000
  9.7412790e+000  4.9075840e+000  3.0000000e+000
  9.7400050e+000  4.8083610e+000  3.0000000e+000
  9.7387310e+000  4.7091380e+000  3.0000000e+000
  9.7374570e+000  4.6099160e+000  3.0000000e+000
  9.7361830e+000  4.5106930e+000  3.0000000e+000
  9.7349090e+000  4.4114700e+000  3.0000000e+000
  9.6560610e+000  4.3118200e+000  3.0000000e+000
  9.6548070e+000  4.2126080e+000  3.0000000e+000
  9.5760200e+000  4.1129890e+000  3.0000000e+000
  9.5747870e+000  4.0137870e+000  3.0000000e+000
  9.4960610e+000  3.9141990e+000  3.0000000e+000
  9.4173750e+000  3.8146320e+000  3.0000000e+000
  9.4161820e+000  3.7154510e+000  3.0000000e+000
  9.3375570e+000  3.6159150e+000  3.0000000e+000
  9.3363840e+000  3.5167440e+000  3.0000000e+000
  9.3352110e+000  3.4175740e+000  3.0000000e+000
  9.3340390e+000  3.3184030e+000  3.0000000e+000
  9.3328660e+000  3.2192330e+000  3.0000000e+000
  9.3316930e+000  3.1200620e+000  3.0000000e+000
  9.3305210e+000  3.0208910e+000  3.0000000e+000
  9.3293480e+000  2.9217210e+000  3.0000000e+000
  9.3281750e+000  2.8225500e+000  3.0000000e+000
  9.3270020e+000  2.7233800e+000  3.0000000e+000
  9.3258300e+000  2.6242090e+000  3.0000000e+000
  9.2474480e+000  2.5247980e+000  3.0000000e+000
  9.1691060e+000  2.4254080e+000  3.0000000e+000
  9.1679740e+000  2.3262590e+000  3.0000000e+000
  9.1668420e+000  2.2271090e+000  3.0000000e+000
  9.1657100e+000  2.1279590e+000  3.0000000e+000
  9.1645780e+000  2.0288090e+000  3.0000000e+000
  9.2405330e+000  1.9298370e+000  3.0000000e+000
  9.1623130e+000  1.8305100e+000  3.0000000e+000
  9.2382280e+000  1.7315170e+000  3.0000000e+000
  9.2370750e+000  1.6323570e+000  3.0000000e+000
  9.2359230e+000  1.5331970e+000  3.0000000e+000
  9.1577840e+000  1.4339110e+000  3.0000000e+000
  9.1566520e+000  1.3347610e+000  3.0000000e+000
  9.0785740e+000  1.2355070e+000  3.0000000e+000
  9.0774620e+000  1.1363670e+000  3.0000000e+000
  9.0763500e+000  1.0372280e+000  3.0000000e+000
  9.0752380e+000  9.3808900e-001  3.0000000e+000
  8.9972610e+000  8.3888600e-001  3.0000000e+000
  9.0745640e+000  6.9126800e-001  3.1000000e+000
  9.1523030e+000  7.9337200e-001  3.1000000e+000
  9.9681360e+000  7.0570720e+000  3.1000000e+000
  9.9674220e+000  6.9542930e+000  3.1000000e+000
  9.8884120e+000  6.8516110e+000  3.1000000e+000
  9.9674220e+000  6.9542930e+000  3.1000000e+000
  1.0045002e+001  6.8514140e+000  3.1000000e+000
  1.0044269e+001  6.7486270e+000  3.1000000e+000
  9.9652770e+000  6.6459540e+000  3.1000000e+000
  9.9645630e+000  6.5431740e+000  3.1000000e+000
  9.9638480e+000  6.4403950e+000  3.1000000e+000
  1.0041338e+001  6.3374760e+000  3.1000000e+000
  1.0040605e+001  6.2346880e+000  3.1000000e+000
  1.0039872e+001  6.1319000e+000  3.1000000e+000
  9.9609890e+000  6.0292770e+000  3.1000000e+000
  9.8821420e+000  5.9266700e+000  3.1000000e+000
  9.8814460e+000  5.8238990e+000  3.1000000e+000
  9.8026530e+000  5.7213170e+000  3.1000000e+000
  9.8800520e+000  5.6183560e+000  3.1000000e+000
  9.8793560e+000  5.5155850e+000  3.1000000e+000
  9.8006180e+000  5.4130280e+000  3.1000000e+000
  9.7999400e+000  5.3102640e+000  3.1000000e+000
  9.7992610e+000  5.2075010e+000  3.1000000e+000
  9.7985830e+000  5.1047380e+000  3.1000000e+000
  9.7979050e+000  5.0019750e+000  3.1000000e+000
  9.7972260e+000  4.8992120e+000  3.1000000e+000
  9.7965480e+000  4.7964490e+000  3.1000000e+000
  9.7179560e+000  4.6939580e+000  3.1000000e+000
  9.7172950e+000  4.5912030e+000  3.1000000e+000
  9.7166350e+000  4.4884480e+000  3.1000000e+000
  9.7159750e+000  4.3856940e+000  3.1000000e+000
  9.6374730e+000  4.2832440e+000  3.1000000e+000
  9.5590080e+000  4.1808100e+000  3.1000000e+000
  9.5583850e+000  4.0780720e+000  3.1000000e+000
  9.4799740e+000  3.9756630e+000  3.1000000e+000
  9.4016000e+000  3.8732700e+000  3.1000000e+000
  9.4010120e+000  3.7705490e+000  3.1000000e+000
  9.3226930e+000  3.6681810e+000  3.1000000e+000
  9.3221230e+000  3.5654680e+000  3.1000000e+000
  9.3215540e+000  3.4627540e+000  3.1000000e+000
  9.3986620e+000  3.3596610e+000  3.1000000e+000
  9.3980740e+000  3.2569400e+000  3.1000000e+000
  9.3974870e+000  3.1542180e+000  3.1000000e+000
  9.3968990e+000  3.0514960e+000  3.1000000e+000
  9.3963120e+000  2.9487740e+000  3.1000000e+000
  9.3957240e+000  2.8460520e+000  3.1000000e+000
  9.3951360e+000  2.7433310e+000  3.1000000e+000
  9.3169990e+000  2.6410460e+000  3.1000000e+000
  9.2388970e+000  2.5387770e+000  3.1000000e+000
  9.2383460e+000  2.4360720e+000  3.1000000e+000
  9.2377940e+000  2.3333660e+000  3.1000000e+000
  9.1597660e+000  2.2311310e+000  3.1000000e+000
  9.1592320e+000  2.1284340e+000  3.1000000e+000
  9.1586990e+000  2.0257360e+000  3.1000000e+000
  9.1581660e+000  1.9230400e+000  3.1000000e+000
  9.1576330e+000  1.8203420e+000  3.1000000e+000
  9.0797130e+000  1.7181560e+000  3.1000000e+000
  9.1576330e+000  1.8203420e+000  3.1000000e+000
  9.2344870e+000  1.7171340e+000  3.1000000e+000
  9.2339360e+000  1.6144290e+000  3.1000000e+000
  9.1560340e+000  1.5122510e+000  3.1000000e+000
  9.1555010e+000  1.4095540e+000  3.1000000e+000
  9.2333850e+000  1.5117240e+000  3.1000000e+000
  9.1539020e+000  1.1014630e+000  3.1000000e+000
  9.0766240e+000  1.1020230e+000  3.1000000e+000
  9.1533690e+000  9.9876600e-001  3.1000000e+000
  9.1528360e+000  8.9606900e-001  3.1000000e+000
  9.1523030e+000  7.9337200e-001  3.1000000e+000
  9.0745640e+000  6.9126800e-001  3.1000000e+000
